5.331142
5.326035
5.315823
5.336248
5.341355
5.397526
5.443484
5.433271
5.417952
5.469016
5.499655
5.525187
5.520081
5.494548
5.5354
5.596677
5.576252
5.627316
5.540506
5.530293
5.5354
5.586464
5.606891
5.627316
5.637529
5.632423
5.632423
5.591571
5.571145
5.581358
5.566039
5.581358
5.550719
5.576252
5.617104
5.627316
5.611997
5.611997
5.601784
5.632423
5.632423
5.663062
5.673275
5.637529
5.642636
5.688594
5.714126
5.729445
5.734552
5.734552
5.754978
5.785616
5.800936
5.852
5.852
5.908172
5.897959
5.908172
5.969449
5.979662
6.000088
6.006088
6.030088
6.114089
6.13209
6.17409
6.15009
6.096089
6.090089
6.084089
6.108089
6.13809
6.16209
6.216091
6.222091
6.240091
6.234091
6.234091
6.198091
6.18009
6.198091
6.222091
6.240091
6.252091
6.282092
6.288092
6.312092
6.366093
6.420094
6.444094
6.444094
6.468094
6.468094
6.474094
6.528095
6.552096
6.570096
6.570096
6.594096
6.720098
6.744099
6.762099
6.762099
6.774099
6.780099
6.786099
6.8161
6.8461
6.8581
6.8641
6.876101
6.960102
7.008102
7.026103
6.996102
7.038103
7.026103
7.044103
7.086103
7.098104
7.110104
7.116104
7.116104
7.170105
7.164105
7.194105
7.152104
7.134104
7.128104
7.182105
7.224105
7.272106
7.296107
7.332107
7.356108
7.48811
7.49411
7.52411
7.53011
7.54211
7.54811
7.584111
7.602111
7.704113
7.746113
7.788114
7.818114
7.902115
7.890115
7.926116
7.926116
7.908115
7.932116
7.992117
8.010118
8.064117
8.130118
8.172119
8.22012
8.346122
8.370122
8.394123
8.454123
8.448124
8.490124
8.580126
8.640126
8.700128
8.820128
8.86813
8.94013
9.132133
9.192134
9.258135
9.312136
9.318136
9.330136
9.384137
9.438138
9.486138
9.540139
9.58814
9.61814
9.708142
9.756143
9.822144
9.852144
9.930145
9.984146
10.12215
10.15815
10.21215
10.27815
10.34415
10.40415
10.60215
10.68016
10.73416
10.78216
10.81216
10.90816
11.12416
11.20816
11.29216
11.50817
11.70381
11.80738
12.21017
12.38279
12.50938
12.62446
12.63597
12.77407
13.02725
13.25741
13.45305
13.79829
14.02846
14.30465
14.85705
15.47849
15.7777
15.93881
16.03088
16.16898
16.39914
16.59478
16.80193
17.02058
17.23924
17.3313
17.66504
17.86068
17.95274
17.98727
18.24045
18.48212
18.81586
19.08054
19.33372
19.84008
20.03572
20.23136
20.74923
20.91034
21.129
21.15201
21.25559
21.37067
21.46273
21.56631
21.68139
21.80798
21.93457
22.07267
22.3949
22.52148
22.69411
22.79768
22.94729
23.03935
23.14293
23.30404
23.49968
23.84492
24.04056
24.2362
24.6505
24.84613
25.27194
26.36521
26.57236
26.83705
27.11325
27.35492
27.55055
28.22954
28.63232
29.0236
30.0133
30.2895
30.5772
30.83038
30.89943
31.09507
31.29071
31.54389
31.71651
31.91215
32.19986
32.6832
33.62687
33.84552
34.04116
34.19077
34.44395
34.63959
34.95031
35.31857
35.53722
35.74437
35.75588
36.0666
36.79161
37.0563
37.15987
37.17138
37.18289
37.15987
37.34401
37.52814
37.45909
37.50512
37.66623
37.73528
38.26466
38.42577
38.51784
38.72499
38.89761
39.07023
39.20833
39.34643
39.45
39.42698
39.5881
39.71469
40.24406
40.39367
40.49724
40.45121
40.83098
40.91154
41.16472
41.29131
41.25678
41.40639
41.7242
42.13282
43.04085
43.22246
43.31326
43.22246
43.35867
43.31326
43.40406
43.54027
43.58567
43.67648
43.85808
43.90348
44.3575
44.4029
44.4029
44.2667
44.4029
44.62991
44.72071
45.08393
45.22013
45.40174
45.58335
45.67415
46.21898
46.26437
46.26437
46.21898
46.35518
46.49138
46.71839
46.9454
46.9
46.9
47
47.2
47.8
48
48.2
48.2
48.5
48.7
49
49.3
49.3
49.5
49.7
50
50.5
50.9
51
51
51.1
51.5
51.9
52.1
52.2
52.4
52.9
53.1
54.4
55
55.2
55.2
55.7
56.2
56.7
56.9
57
57
57.2
57.5
58.7
59.2
59.5
59.3
59.9
60.1
60.4
60.5
60.7
60.5
60.8
61.1
61.8
62.2
62.2
62
62.1
62.3
62.5
62.5
62.6
62.4
62.7
63
63.4
63.6
63.6
63.4
63.7
64
64
63.8
64
64
64.2
64.4
64.9
65.1
65.1
64.7
65.1
65.2
65.1
65.2
65.5
65.5
65.7
66
66.4
66.7
66.8
66.6
66.9
67.2
67.1
67.1
67.5
67.4
67.7
67.9
68.3
68.6
68.7
68.3
68.7
69
69.1
69.2
69.4
69.2
69.3
69.4
69.7
70
70.1
70
70.3
70.5
70.6
70.6
70.7
