7.590959
7.60602
7.560836
7.553305
7.538244
7.583428
7.696389
7.786757
7.884656
8.005148
8.193416
8.366622
8.652789
8.750689
8.863649
8.938956
8.954018
8.991672
9.021794
9.044386
9.08204
9.112163
9.08957
9.112163
9.338084
9.466106
9.443514
9.443514
9.383268
9.40586
9.435984
9.481168
9.526352
9.60919
9.669436
9.669436
9.797458
9.820049
9.820049
9.835111
9.812519
9.804988
9.842642
9.93301
9.948071
9.963133
9.993256
10.01585
10.02338
10.03091
10.02338
10.01585
9.993256
9.970664
10.04597
10.10622
10.15893
10.27189
10.37732
10.41498
10.48275
10.49343
10.55748
10.57883
10.61085
10.65355
10.69625
10.68558
10.72828
10.74963
10.81367
10.85637
10.94177
11.00582
11.03785
11.0592
11.1019
11.17662
11.21932
11.26202
11.33674
11.35809
11.39012
11.41147
11.45417
11.46484
11.47552
11.48619
11.49687
11.51822
11.55024
11.57159
11.62497
11.65699
11.65699
11.65699
11.72104
11.73172
11.76374
11.78509
11.81711
12.00926
11.90251
11.87049
11.90251
11.92386
11.94521
11.98791
12.03061
12.05196
12.07331
12.11601
12.15871
12.14804
12.19074
12.20141
12.23344
12.25479
12.28681
12.31884
12.37221
12.38288
12.41491
12.42558
12.44693
12.44693
12.47896
12.52166
12.56436
12.62841
12.72448
12.73516
12.86326
12.87393
12.88461
12.91663
12.95933
13.00203
13.04473
13.10878
13.19418
13.33295
13.37565
13.40767
13.55712
13.59982
13.66387
13.72792
13.79197
13.83467
13.89872
13.93075
14.00547
14.09087
14.15492
14.19762
14.31504
14.35891
14.40277
14.47588
14.53437
14.59286
14.62211
14.68059
14.73908
14.79757
14.85606
14.89993
14.98766
15.06077
15.11926
15.20699
15.30935
15.36783
15.44094
15.49943
15.57254
15.66028
15.71876
15.79187
15.83574
15.92347
15.99658
16.05507
16.14281
16.23054
16.36214
16.44987
16.55222
16.69844
16.8008
16.88853
16.88853
16.9324
17.02013
17.13711
17.29795
17.42955
17.57577
17.69275
17.85359
18.04368
18.20452
18.3215
18.62856
18.87714
19.09647
19.40353
19.63749
19.85682
20.1054
20.26624
20.48557
20.73415
20.92423
21.0997
21.33365
21.4945
21.66996
21.86005
22.02089
22.18173
22.34258
22.4888
22.67889
22.85435
23.00057
23.13217
23.38075
23.54159
23.7463
23.95101
24.11185
24.21421
24.44816
24.62363
24.88682
25.12078
25.32549
25.41322
25.48633
25.6618
25.89575
26.23206
26.48063
26.68534
26.9193
27.06552
27.29947
27.5188
27.62116
27.69427
27.82587
28.03058
28.27915
28.58622
28.86404
29.08337
29.4343
29.60976
29.79985
30.07767
30.23851
30.38474
30.66256
30.86727
31.14509
31.45215
31.78846
32.05165
32.4757
32.812
33.08982
33.48462
33.70395
33.96715
34.62514
34.99272
35.39705
35.83813
36.13219
36.38948
36.90408
37.27166
37.60247
38.00679
38.2641
38.63166
39.07275
39.44032
39.80789
40.35925
40.72682
41.13115
41.82953
42.34413
42.82197
43.37333
43.7409
43.9982
44.47604
44.91712
45.46848
45.98308
46.35065
46.68146
46.82849
46.97552
47.1593
47.4166
47.85769
48.26201
48.73986
49.07067
49.54851
50.17338
50.5042
50.79825
51.23933
51.53339
51.93772
52.34205
52.56259
52.74638
53.11395
53.44476
53.81233
54.14314
54.4372
54.6945
55.06207
55.35612
55.61343
55.981
56.16478
56.27505
56.56911
56.86317
57.26749
57.67182
57.96588
58.18642
58.40696
58.48048
58.55399
58.73777
58.84805
58.92156
58.95832
58.81129
58.95832
59.17886
59.32589
59.50967
59.58319
59.6567
59.87724
60.02427
60.09779
60.1713
60.72266
60.83293
60.90644
61.23726
61.34753
61.4578
61.60482
61.75185
61.78861
61.93564
62.00915
62.04591
62.15618
62.26645
62.45024
62.74429
62.89132
63.07511
63.29565
63.47943
63.62646
63.77349
63.84701
63.95728
64.21458
64.39836
64.58215
64.98647
65.24377
65.31729
65.50108
65.61134
65.75837
66.05243
66.1627
66.23621
66.42
66.56
66.72
67.09
67.19
67.18
67.2
67.64
68.12
68.42
68.31
68.26
68.64
68.82
68.95
69.16
69.38
69.55
69.73
69.81
69.92
70.28
70.55
70.32
70.44
70.74
70.97
71.12
71.35
71.31
71.27
71.23
71.43
71.63
71.7
71.66
71.94
72.19
72.56
72.65
72.75
72.71
72.77
72.77
73
73.13
73.2
73.17
73.26
73.47
73.64
73.84
74
73.97
73.96
73.95
74.18
74.34
74.35
74.33
74.52
74.75
74.98
75.07
75.18
75.18
75.04
75.4
75.67
75.75
75.81
75.88
75.97
76.26
76.75
76.84
77
76.91
76.77
76.62
76.85
77.05
76.98
77.14
77.31
77.47
77.53
77.56
77.67
77.65
77.55
77.75
77.89
77.85
77.98
78.02
