12.65732807
12.70318795
12.74904783
12.79490772
12.8407676
12.88662749
12.97834726
12.97834726
12.97834726
12.97834726
13.02420714
13.02420714
13.11592691
13.11592691
13.20764668
13.25350656
13.25350656
13.25350656
13.29936645
13.25350656
13.25350656
13.25350656
13.29936645
13.25350656
13.29936645
13.25350656
13.25350656
13.29936645
13.29936645
13.34522633
13.39108621
13.39108621
13.4369461
13.48280598
13.48280598
13.48280598
13.4369461
13.48280598
13.48280598
13.52866587
13.52866587
13.57452575
13.57452575
13.57452575
13.57452575
13.66624552
13.66624552
13.66624552
13.66624552
13.66624552
13.66624552
13.66624552
13.66624552
13.66624552
13.75796529
13.7121054
13.75796529
13.75796529
13.75796529
13.75796529
13.75796529
13.80382517
13.80382517
13.84968506
13.84968506
13.84968506
13.89554494
13.89554494
13.94140483
13.94140483
13.94140483
13.94140483
13.94140483
13.94140483
13.98726471
13.98726471
13.98726471
14.03312459
14.07898448
14.07898448
14.07898448
14.12484436
14.12484436
14.17070425
14.17070425
14.17070425
14.17070425
14.17070425
14.17070425
14.21656413
14.26242402
14.21656413
14.26242402
14.26242402
14.3082839
14.3082839
14.3082839
14.3082839
14.35414378
14.40000367
14.40000367
14.49172344
14.49172344
14.49172344
14.49172344
14.53758332
14.53758332
14.58344321
14.58344321
14.67516297
14.72102286
14.81274263
14.81274263
14.85860251
14.9044624
14.99618216
14.99618216
15.08790193
15.08790193
15.08790193
15.08790193
15.08790193
15.13376182
15.1796217
15.22548159
15.27134147
15.31720135
15.36306124
15.40892112
15.45478101
15.50064089
15.54650078
15.63822054
15.68408043
15.72994031
15.7758002
15.82166008
15.91337985
16.00509962
16.0509595
16.09681939
16.18853916
16.23439904
16.28025892
16.32611881
16.41783858
16.55541823
16.647138
16.69299788
16.78471765
16.87643742
16.96815719
17.01401707
17.10573684
17.19745661
17.28917638
17.33503626
17.42675603
17.5184758
17.65605545
17.70191534
17.79363511
17.88535488
17.88535488
17.97707464
18.06879441
18.16051418
18.25223395
18.25223395
18.29809383
18.34395372
18.3898136
18.48153337
18.61911302
18.66497291
18.71083279
18.71083279
18.75669268
18.75669268
18.84841245
18.84841245
18.94013221
18.9859921
19.03185198
19.07771187
19.12357175
19.21529152
19.2611514
19.30701129
19.39873106
19.44459094
19.49045083
19.53631071
19.67389036
19.8573299
19.99490955
20.13248921
20.27006886
20.31592874
20.68280782
20.7286677
20.91210724
21.04968689
21.18726654
21.37070608
21.64586539
21.92102469
22.01274446
22.28790377
22.4713433
22.65478284
22.92994215
23.20510145
23.43440088
23.61784041
23.80127995
23.89299972
24.07643926
24.16815902
24.25987879
24.39745845
24.58089798
24.85605729
24.90191717
25.03949683
25.17707648
25.36051602
25.45223578
25.49809567
25.58981544
25.63567532
25.72739509
25.91083463
26.04841428
26.18599393
26.32357359
26.41529335
26.55287301
26.59873289
26.69045266
26.82803231
27.10319162
27.28663116
27.51593058
27.65351023
27.83694977
27.97452942
28.06624919
28.15796896
28.24968873
28.38726838
28.47898815
28.66242768
28.84586722
29.07516664
29.30446606
29.57962537
29.90064456
30.12994398
30.26752364
30.49682306
30.77198236
30.90956202
31.04714167
31.32230097
31.68918005
32.01019924
32.37707831
32.78981727
33.15669635
33.52357542
33.84459461
34.21147368
34.48663299
34.80765218
35.17453125
35.67898998
36.18344871
36.73376732
37.14650628
37.51338535
37.92612431
37.92612431
38.20128362
38.52230281
38.88918188
39.21020107
39.57708015
39.89809934
40.3108383
40.5859976
40.86115691
41.1821761
41.54905517
42.00765401
42.3286732
42.74141216
42.83313193
42.97071158
43.10829124
43.24587089
43.38345054
43.33759066
43.5210302
43.93376916
44.48408777
44.71338719
44.80510696
44.89682673
45.03440638
44.94268661
44.75924707
44.85096684
44.89682673
44.89682673
45.21784592
45.49300522
45.63058487
45.81402441
45.95160406
46.18090349
46.31848314
46.41020291
46.45606279
46.7312221
46.96052152
47.05224129
47.28154071
47.41912036
47.55670001
47.74013955
47.92357909
48.15287851
48.29045816
48.29045816
48.29045816
48.38217793
48.61147735
48.79491689
49.02421631
49.20765585
49.3452355
49.43695527
49.52867504
49.66625469
49.84969423
49.98727388
50.12485353
50.26243319
50.12485353
49.89555411
49.80383434
49.941414
50.2165733
50.2165733
50.30829307
50.53759249
50.58345238
50.62931226
50.67517215
50.99619134
51.17963087
51.4089303
51.6840896
51.86752914
52.05096868
52.18854833
52.46370763
52.73886694
52.87644659
52.92230648
52.92230648
53.05988613
53.19746578
53.4267652
53.70192451
53.88536405
54.11466347
54.34396289
54.57326231
54.94014139
55.12358092
55.16944081
55.26116058
55.53631988
55.7656193
56.08663849
56.45351757
56.77453676
56.91211641
57.04969606
57.14141583
57.32485537
57.60001468
57.73759433
57.8293141
58.42549259
58.7006519
59.02167109
59.11339086
59.25097051
59.5719897
59.80128912
60.35160773
60.85606646
61.22294553
61.36052519
61.36052519
61.72740426
61.81912403
61.9108438
62.00256357
62.1860031
62.36944264
62.46116241
62.64460195
62.91976125
63.01148102
63.19492056
63.24078044
63.33250021
63.56179963
63.88281882
63.97453859
64.06625836
64.29555778
64.43313744
64.61657697
64.80001651
65.02931593
65.1210357
65.07517582
65.39619501
65.62549443
65.85479385
66.03823339
66.12995315
66.22167292
66.22167292
66.40511246
66.54269211
66.81785142
66.8637113
66.8637113
67.04715084
67.27645026
67.50574968
67.59746945
67.64332934
67.87262876
68.05606829
68.3312276
68.51466714
68.56052702
68.65224679
68.65224679
68.9274061
69.2025654
69.43186482
69.66116424
69.7987439
69.93632355
69.93632355
70.11976309
70.25734274
70.48664216
70.44078228
70.39492239
70.80766135
71.03696077
71.40383985
71.67899915
71.81657881
71.86243869
72.00001834
72.137598
72.36689742
72.59619684
72.73377649
72.73377649
72.96307591
73.19237534
73.37581487
73.46753464
73.42167476
73.51339453
73.60511429
73.74269395
73.92613348
74.10957302
74.06371314
73.97199337
