24.72734377386969
24.96595645503283
24.93944393490359
24.60361867993324
24.51524361283578
24.57710616
24.72734377386968
24.72734377386968
24.51524361283578
24.15290584
23.5784679
23.11891755269589
22.69471723062807
22.21749186830177
21.94352916029964
21.58119138520005
21.79329154623395
22.36772948236745
22.69471723062806
23.15426757953486
23.36636774056876
23.64033044857089
24.32965597193109
24.36500599877007
24.72734377386966
25.21340664
25.57574441800528
26.11483232729979
26.51252012923837
26.53903265
25.90273216626587
25.02781900200101
25.00130648187176
24.81571884
24.96595645503279
26.51252012923835
27.21068315930829
26.96323297143541
26.72462029027228
26.51252012923838
26.47717010239939
26.15018235413879
26.05296978033159
26.02645726020235
25.75249455220023
25.72598203207098
25.36364425697139
24.87758138793536
24.90409390806459
24.87758138793537
25.02781900200105
25.54039439116632
25.93808219310491
26.30041996820449
26.60089519633586
26.83950787749901
26.81299535736977
27.32557074653504
27.74977106860286
27.99722125647574
27.74977106860286
28.20932141750966
28.35955903157534
28.42142157854356
28.38607155170459
28.32420900473635
28.59817171273848
28.63352173957747
28.81027187377239
28.84562190061137
28.96050948783807
28.96050948783807
29.17260964887198
29.50843490384233
29.68518503803725
29.95914774603938
30.32148552113897
30.41869809494618
30.29497300100972
30.35683554797794
30.65731077610931
30.86941093714321
31.01964855
30.95778600424068
31.23174871224281
31.44384887327672
31.44384887327672
31.95642426244199
32.14201190334666
32.23038697044412
32.44248713147803
32.65458729251193
32.77831238644838
32.31876203754158
33.31740029574289
33.71508809768146
34.07742587278105
34.28952603381495
34.74023887601201
34.89047649007769
35.16443919807982
35.43840190608196
35.77422716105231
35.92446477511799
36.01283984221545
36.37517761731504
36.52541523138072
36.98496558028752
37.34730335538711
37.58591603655025
38.09849142571552
38.16035397268374
38.52269174778333
38.70827939
38.92037955
38.94689206985114
39.30922984495073
39.58319255295286
39.30922984495071
39.40644241875793
39.59203005966259
39.14131721746555
38.92037954972188
39.28271732482147
38.94689206985113
38.93805456314139
38.84967949604393
39.59203006
39.53016751269439
39.84831775424525
40.42275569037875
40.85579351915631
40.81160598560757
40.96184359967326
41.08556869360971
41.14743124057793
41.60698158948473
41.75721920355041
41.69535665658217
41.81024424380887
41.96931936
42.05769443168177
42.59678234097628
42.73818244833222
42.99447014291486
43.26843285091699
43.60425810588735
43.44518298511193
43.28610786433651
43.70147067969457
43.94008336085771
44.03729593466492
44.02845842795517
44.03729593466492
43.62193311930685
43.50704553208017
42.70283242149326
42.67631990136402
42.61445735439582
42.50840727387889
42.45538223362042
42.32281963297423
42.42886971349119
42.34933215310349
42.05769443168187
41.21813129425599
40.97068110638309
41.90745681761618
42.23444456587679
42.14606949877931
42.10188196523056
42.34049465
42.55259480742761
42.73818244833227
42.60561984768607
42.36700716652291
43.04749518317336
43.37448293143396
43.56007057233863
44.06380845479416
44.15218352189161
44.60289636408867
44.95639663247851
45.38059695454633
45.38943446125607
45.48664703506328
45.48664703506328
46.01689743764805
46.34388518590865
46.94483564217139
47.49276105817565
48.15557406140661
48.54442435663543
49.21607486657614
49.27793741354435
49.11886229276894
49.45468754773929
49.48120006786852
49.65795020206344
49.56073762825627
49.95842543019485
50.27657567174571
50.46216331265037
50.34727572542369
50.08215052413133
49.90540038993641
49.98493795032413
49.96726293690461
50.22355063148725
50.17052559122878
50.10866304426054
49.63143768193423
49.64027518864398
49.41050001419056
47.81091129972651
46.11411001145526
45.61037212899971
44.60289636408864
44.12567100176234
44.09032097492337
43.98427089440641
44.28474612253778
44.73545896473484
45.09779673983443
45.63688464912894
45.71642220951665
45.84014730345309
46.45877277313532
47.13926078978577
47.70486121920953
47.71369872591928
48.05836148759937
48.23511162
48.25278663521379
48.50023682308667
48.80954955792779
48.88024961160575
48.95978717199347
49.68446272219266
50.28541318
50.03796299
50.71845100723295
51.39893902
51.86732687949995
52.24733966801904
52.58316492298939
52.75107755047456
52.75991505718431
52.98969023163772
53.11341532557416
53.13109033899365
53.25481543
52.63618996324788
52.79526508402331
53.80274084893437
54.83672913397467
55.10185433526705
55.49954213720562
55.49070463049588
55.64977975127131
55.77350484520776
56.17119264714633
56.56888044908491
56.91354321076501
56.62190548934338
56.94005573089424
57.11680586508916
56.62190548934338
57.01075578
57.01075578
56.84284315708706
56.46283036856796
56.47166788
56.70144305
56.6395805
56.70144304973113
57.01959329128199
57.06378082483072
56.89586819734555
55.76466733849804
54.40369130519713
53.71436578183694
53.37854052686657
53.51110312751277
54.37717878506788
54.94277921449164
55.89722993914422
56.22421768740483
55.88839243243449
55.71164229823958
55.99444251295146
55.74699232507857
56.14468012701715
56.43631784843878
56.84284315708709
56.76330559669938
56.37445530147054
55.93257997
55.31395449630098
54.71300404003827
53.73204079525647
54.77486658700651
54.39485379848744
53.94414095629036
53.57296567448101
53.41389055370559
53.21946540609116
52.72456503034536
52.47711484
52.02640200027543
51.82313934595125
51.42545154401269
52.33571473511654
52.09710205395337
52.49478985589195
53.19295289
53.59064068790048
53.91762843616108
54.73951656016747
55.31395449630096
56.14468013
56.59539296921415
56.75446808998958
57.12564337179892
58.26568173735616
58.44243187155109
58.84011967348967
59.19361994187951
59.52944519684986
59.75038286459351
59.92713299878843
59.99783305
59.85643294511047
59.76805788
59.95364551891767
60.03318307930539
59.85643294511047
60.16574567995158
60.20109570679057
60.18342069337106
60.23644573362954
60.26295825375877
59.87410795852997
60.14807067
60.40435836111473
60.12155814640287
60.28947077388804
60.88158372344104
61.23508399183088
60.82855868318254
60.39552085
60.43970838795373
60.54575846847068
60.38668334769527
60.72250860266562
60.62529602885842
60.74902112279486
60.99647131066775
61.28810903208937
61.83603444809364
61.50020919
62.36628485067842
62.49000994461486
62.90537275997294
63.25003552165303
63.67423584372085
64.07192364565942
64.50496147443697
64.64636158179292
65.53011225276752
65.85710000102814
66.11338769561078
66.14873772244977
66.47572547071039
66.61712557806632
66.88225078
66.85573825922945
66.97062584645614
67.11202595
67.46552622220193
67.25342606116806
67.60692633
67.73948893020409
68.04880167
68.23438930594988
67.87205153085026
68.09298919859391
68.03996415833542
67.62460134297737
67.63343884968712
66.97062584645614
67.57157630271888
67.34180112826544
67.28877608800695
67.4301762
67.91623906439894
67.56273879600911
68.13717673
68.42881445356424
68.41997694685448
68.49067700053244
68.71161466827608
68.60556458775916
68.78231472195408
68.88836480247105
68.41997694685448
67.59808882284807
67.12970096723151
66.86457576593911
66.39618791032255
66.04268764193273
66.18408774928866
66.86457576593912
67.51855126246033
67.51855126246033
67.54506378258957
68.12833923
67.98693912
67.88972654426972
67.65995136981633
67.27110107458752
67.87205153085026
68.36695190659604
68.83533976221258
69.10046496350496
69.06511493666598
69.59536533925075
69.35675265808761
69.44512772518506
69.96654062106008
70.31120338274017
70.32004088944991
70.59400359745206
70.86796630545419
70.95634137255166
71.11541649332709
70.86796630545419
71.01820391951988
71.28332912081225
71.20379156042453
71.61031686907285
72.06986721797965
72.39685496624026
72.84756781
73.2275806
73.28944314392461
73.93458113373607
74.29691890883566
74.75646925774247
75.26904464690774
75.38393223413445
75.79929504949251
75.92302014342896
76.54164561311119
77.01887097543748
77.86727162
78.28263443493118
78.28263443493118
78.41040270205661
78.37108938909493
78.52834264094163
78.77405085
78.48902932797998
79.55048877794515
79.86499528163853
79.70774202979182
79.91413692284061
80.26795673949567
79.69791370155146
81.02473801400791
80.89696975
81.53581108
82.05671247925187
82.78400876904281
82.70538214311951
83.22628353986168
83.68821496716133
83.69804329540175
84.39585460047144
84.94624098193486
85.03469593609863
86.06471160865128
86.66997855025438
86.69121598680186
87.21153318221506
87.63628191
88.29464245
89.22908965
90.03611224302954
90.80065996
91.59706383
91.88376922266005
