0.15011067
0.150355958
0.150599482
0.149278138
0.149523771
0.148991658
0.148709228
0.149479742
0.150250256
0.15102077
0.150489007
0.149721206
0.148674205
0.148674205
0.148398882
0.147885391
0.148639908
0.149394426
0.148879272
0.151657978
0.15090346
0.15090346
0.15263885
0.153921529
0.153390765
0.154676047
0.156185081
0.156398428
0.156398428
0.156610308
0.156073971
0.15458044
0.154797078
0.153528872
0.153528872
0.156495614
0.158518162
0.15872067
0.15872067
0.158182634
0.158182634
0.157648233
0.157648233
0.158384907
0.159121581
0.158053651
0.157321921
0.158053651
0.158053651
0.158053651
0.158053651
0.159517111
0.160248841
0.16098057
0.160634218
0.161900739
0.159907367
0.162087922
0.162087922
0.162814773
0.163541625
0.163722734
0.163722734
0.163180606
0.163902644
0.163180606
0.163361711
0.164081366
0.163541625
0.164258913
0.164258913
0.164258913
0.164976201
0.165693488
0.165865167
0.165865167
0.166580103
0.166748324
0.166915448
0.166205169
0.167625726
0.167081487
0.167789459
0.167952133
0.167952133
0.167952133
0.167952133
0.169363495
0.169363495
0.169520566
0.168975484
0.170223971
0.171078913
0.168274341
0.169132792
0.170530583
0.171229479
0.171928375
0.172075746
0.171527734
0.172916623
0.171822214
0.171822214
0.172512263
0.173202312
0.173343804
0.173343804
0.173484407
0.174170116
0.1744444
0.173900959
0.174174362
0.174174362
0.173636787
0.1744444
0.174044298
0.175377971
0.174974626
0.175637409
0.174974626
0.175637409
0.176962974
0.176426723
0.176552489
0.176677498
0.176146935
0.176925271
0.17769896
0.177170094
0.177291415
0.177412019
0.178175143
0.179687963
0.179800149
0.180547411
0.180656446
0.181396894
0.180979781
0.180567448
0.180051541
0.181402296
0.181609963
0.182328893
0.182429531
0.183142119
0.182728073
0.181813589
0.182013269
0.182112286
0.181712917
0.182502973
0.182695149
0.18337821
0.182979548
0.182585139
0.182194914
0.182289783
0.181904193
0.182093467
0.180674557
0.18190122
0.182087582
0.181712917
0.182272033
0.183010866
0.180421556
0.179510336
0.181895543
0.184087055
0.185265199
0.184802036
0.185428742
0.185590661
0.185293467
0.185373963
0.185988515
0.185988515
0.186600061
0.186066918
0.188344775
0.189405872
0.19060057
0.191193591
0.191783753
0.192371078
0.192432671
0.192034557
0.193654051
0.194229958
0.194858106
0.194912817
0.196506486
0.197580805
0.196707409
0.195393843
0.195549772
0.19520686
0.194868603
0.195905393
0.193397339
0.19441674
0.193667714
0.193352045
0.193040475
0.191851406
0.190798562
0.189315968
0.188981433
0.190686394
0.191354827
0.191129618
0.191016618
0.190475358
0.191171945
0.190110523
0.189905753
0.190013814
0.190227465
0.191574377
0.190850088
0.190593623
0.190391743
0.189491034
0.190748366
0.190898405
0.190649617
0.190453538
0.190945897
0.192171214
0.19304555
0.194260535
0.193567984
0.194513225
0.194637568
0.195142488
0.196022017
0.19685566
0.195459075
0.197377823
0.198198212
0.199418278
0.197762687
0.197899109
0.198067079
0.198528142
0.199016058
0.199467162
0.199884208
0.200653677
0.201418149
0.201498782
0.201903241
0.20340217
0.203148685
0.202234439
0.202358234
0.201490043
0.200999012
0.201128817
0.201205757
0.20166035
0.201481982
0.202526325
0.203239321
0.203050217
0.201961679
0.201498277
0.19859729
0.198842218
0.19784842
0.196578077
0.195895388
0.194963832
0.194568139
0.193635582
0.193321695
0.191148909
0.190142185
0.189199217
0.187635412
0.187133204
0.187206052
0.188788075
0.189522427
0.189500613
0.189769999
0.190511647
0.190008964
0.189983987
0.189031048
0.189227824
0.189911412
0.189645151
0.188933297
0.187822914
0.188288444
0.187873998
0.188172091
0.188035052
0.187666914
0.191000894
0.18924267
0.190135166
0.190252849
0.189603582
0.188157169
0.1878632
0.188148195
0.188209293
0.187412263
0.188239748
0.189681475
0.18996246
0.191327553
0.191327553
0.190411547
0.189919306
0.189784988
0.190116457
0.189547246
0.189688796
0.18998895
0.190475358
0.190933098
0.190664819
0.189946783
0.190426635
0.189926129
0.189585971
0.189878608
0.189567942
0.189676985
0.189396777
0.189478426
0.190306747
0.190927988
0.191599477
0.191107132
0.191003502
0.19072207
0.190417524
0.190291928
0.190545715
0.190394756
0.190068691
0.189770472
0.189848321
0.190524248
0.189604828
0.190723749
0.192001074
0.191953092
0.192025
0.19077367
0.191171945
0.191022184
0.189957604
0.190180772
0.190403534
0.190625894
0.189622004
0.189333136
0.18887769
0.18787213
0.187593282
0.187124279
0.186630982
0.186795795
0.186769276
0.186094199
0.186499808
0.186877721
0.186770096
0.186475048
0.18604907
0.186026853
0.185950307
0.185531968
0.184933146
0.184522595
0.184200472
0.184313135
0.184703703
0.1845781
0.184203779
0.183984328
0.183466157
0.182096713
0.181419358
0.181507922
0.181596059
0.181829586
0.18159662
0.181076343
0.180818064
0.181395892
0.180058388
0.181258634
0.181289343
0.180669724
0.181262854
0.180957528
0.180765334
0.178951322
0.178453861
0.178364499
0.177475665
0.17812755
0.177716853
0.177453178
0.177674852
0.178218437
0.178335951
0.178452773
0.178831126
0.178467093
0.178163422
0.178538892
0.178178877
0.178207794
0.177476019
0.177779737
0.177199444
0.177570644
0.177784692
0.177461716
0.177393193
0.17735387
0.176697486
0.176381988
0.176440683
0.176872361
0.17661578
0.176303434
0.175841413
0.176110102
0.176168278
0.176377302
0.17652831
0.176492435
0.176728648
0.176449852
0.176927062
0.177674852
0.177487035
0.177922586
0.177021958
0.1769297
0.177105416
0.176801757
0.176766015
0.176493244
0.176458567
0.176632248
0.176978913
0.177270236
0.176997811
0.176872056
0.176287934
0.175707658
0.175934398
0.176017259
0.177161157
0.176840301
0.176636342
0.176345469
0.176744204
0.17742757
0.177946846
0.176809366
0.175060613
0.177039302
0.176978634
0.177422312
0.177777732
0.177715926
0.177567375
0.176731021
0.177084164
0.178046578
0.178035257
0.177614129
0.177578948
0.177357251
0.178012829
0.177926759
0.177976763
0.178593964
0.178150802
0.179329059
0.179845155
0.180608895
