 55.86
 56.49
 56.81
 56.17
 56.55
 57.20
 57.73
 58.03
 57.83
 57.83
 56.78
 56.20
 56.42
 56.81
 56.80
 56.36
 56.46
 56.77
 57.20
 57.83
 58.23
 57.75
 57.98
 58.12
 57.75
 57.36
 57.51
 57.47
 57.55
 57.63
 58.25
 58.66
 58.64
 59.01
 59.37
 59.12
 59.78
 59.70
 59.58
 59.55
 58.79
 58.66
 58.68
 59.12
 58.56
 58.12
 58.36
 58.38
 58.45
 58.59
 58.84
 58.70
 58.89
 59.08
 59.03
 58.95
 58.54
 57.69
 56.63
 56.96
 56.15
 55.77
 56.27
 55.49
 56.10
 56.16
 56.70
 57.07
 57.07
 57.20
 57.24
 57.05
 56.95
 57.27
 57.08
 56.89
 56.34
 55.59
 54.96
 53.49
 55.21
 54.69
 54.54
 55.72
 56.54
 56.52
 57.12
 57.75
 58.35
 58.71
 58.32
 58.78
 59.59
 59.46
 60.16
 59.97
 60.16
 59.82
 60.45
 60.81
 61.54
 61.36
 61.73
 62.12
 62.41
 62.26
 61.94
 62.64
 62.89
 62.93
 63.06
 62.27
 62.32
 62.63
 62.42
 62.57
 62.37
 62.07
 62.58
 62.82
 62.64
 62.63
 63.02
 62.93
 62.96
 63.10
 62.69
 63.72
 64.13
 64.12
 64.74
 64.59
 64.71
 64.85
 65.20
 65.11
 64.67
 65.13
 65.18
 65.28
 65.44
 65.62
 65.75
 65.92
 66.24
 66.23
 65.85
 66.20
 66.31
 66.17
 66.11
 66.40
 66.17
 66.17
 65.76
 65.83
 66.15
 66.35
 66.41
 66.52
 66.20
 65.83
 65.92
 65.46
 65.47
 65.01
 64.29
 64.10
 64.72
 64.74
 64.85
 65.26
 65.33
 65.51
 65.67
 65.91
 65.60
 65.93
 65.61
 65.47
 65.95
 65.85
 66.19
 66.21
 66.40
 66.68
 66.58
 66.57
 66.85
 66.84
 67.36
 67.85
 68.28
 68.52
 68.45
 68.29
 68.77
 69.09
 69.14
 68.92
 68.89
 69.23
 69.30
 69.53
 69.72
 69.76
 69.70
 69.65
 69.80
 69.97
 70.17
 70.03
 69.53
 69.44
 70.01
 70.35
 70.52
 70.48
 70.21
 70.43
 70.25
 70.29
 69.96
 70.14
 70.14
 70.10
 70.02
 69.87
 70.01
 70.33
 70.80
 70.69
 70.70
 70.53
 70.58
 70.41
 69.94
 70.03
 70.41
 70.23
 70.25
 69.94
 70.02
 70.09
 70.01
 70.25
 70.20
 70.04
 69.41
 69.07
 69.37
 68.86
 69.46
 69.94
 70.22
 69.74
 70.04
 69.89
 69.76
 69.64
 69.20
 69.14
 68.93
 68.49
 68.35
 67.90
 67.91
 68.28
 68.26
 68.54
 68.67
 69.24
 69.13
 69.07
 69.30
 69.71
 70.17
 69.96
 70.02
 70.48
 70.59
 70.79
 71.07
 71.38
 71.49
 71.44
 71.38
 71.29
 71.54
 71.76
 71.91
 71.52
 72.04
 72.16
 72.50
 72.66
 72.64
 73.00
 72.84
 72.58
 72.99
 73.20
 73.15
 73.17
 73.07
 73.12
 72.80
 73.22
 73.30
 72.96
 73.30
 72.89
 72.27
 72.13
 71.70
 72.22
 72.30
 72.83
 72.85
 72.70
 72.60
 72.18
 72.20
 72.27
 72.30
 72.40
 72.97
 73.26
 73.32
 73.38
 72.96
 73.00
 73.28
 74.01
 74.48
 74.46
 73.80
 74.01
 73.83
 73.45
 72.81
 73.06
 73.36
 73.52
 73.23
 73.29
 72.95
 72.35
 71.83
 71.90
 72.56
 71.62
 69.61
 72.38
 72.25
 73.23
 73.66
 73.62
 73.80
 74.28
 74.00
 73.96
 73.99
 73.90
 73.91
 74.06
 74.30
 74.74
 74.63
 74.40
 74.28
 73.81
 73.97
 74.32
 74.44
 74.56
 75.02
 75.43
 75.50
 75.67
 75.69
 76.00
 76.28
 76.24
 76.22
 76.36
 76.64
 76.55
 76.56
 76.41
 76.62
 77.03
 77.09
 77.11
 77.08
 77.10
 76.63
 76.70
 77.04
 76.97
 76.88
 76.75
 76.93
 77.18
 77.05
 77.33
 77.57
 77.52
 77.48
 77.46
 77.47
 77.55
 77.62
 77.68
 77.68
 77.87
 77.62
 77.80
 77.97
 78.22
 78.07
 78.06
 78.31
 78.33
 78.59
 78.95
 79.08
 79.14
 79.14
 79.32
 79.38
 79.30
 78.92
 78.93
 78.79
 78.97
 79.19
 79.14
 78.98
 79.24
 79.70
 79.94
 80.02
 79.74
 79.75
 79.70
 79.85
 79.77
 79.99
 80.09
 80.20
 80.55
 80.50
 80.54
 80.49
 80.38
 79.75
 79.35
 79.90
 79.70
 79.46
 80.17
 80.47
 80.88
 81.06
 81.15
 81.00
 80.90
 81.16
 80.97
 80.86
 81.01
 80.72
 80.30
 80.66
 80.70
 80.73
 80.56
 80.39
 80.26
 80.37
 80.11
 79.70
 79.49
 78.67
 79.02
 78.64
 79.14
 79.44
 79.73
 79.60
 79.97
 80.40
 80.81
 80.79
 80.89
 81.11
 80.77
 81.06
 81.21
 81.46
 81.64
 81.69
 82.27
 82.60
 82.98
 83.12
 83.12
 83.22
 83.36
 83.31
 83.06
 83.34
 83.64
 84.01
 83.74
 83.54
 83.52
 83.48
 83.46
 83.08
 82.85
 82.92
 83.09
 83.18
 83.00
 81.96
 82.09
 81.34
 81.86
 81.78
 81.76
 82.17
 82.41
 82.35
 82.36
 82.40
 82.32
 81.94
 82.07
 81.91
 81.44
 81.32
 81.70
 81.99
 81.83
 82.18
 82.31
 82.56
 82.76
 82.87
 83.05
 83.10
 83.45
 83.22
 83.00
 83.24
 83.79
 83.48
 83.86
 83.89
 83.91
 84.00
 84.21
 84.28
 84.24
 84.18
 84.08
 84.36
 84.74
 84.79
 84.80
 85.04
 85.22
 85.24
 84.96
 84.79
 84.25
 84.83
 84.93
 85.18
 85.10
 84.94
 85.14
 85.00
 85.00
 84.69
 84.73
 84.86
 85.18
 85.14
 85.16
 85.23
 85.19
 84.84
 85.08
 85.19
 85.21
 85.65
 86.03
 86.22
 86.18
 86.28
 86.00
 85.73
 85.44
 85.16
 84.42
 83.55
 83.79
 84.18
 84.35
 84.33
 84.00
 83.46
 83.45
 83.66
 83.45
 83.22
 83.55
 83.90
 84.29
 84.38
 84.33
 84.15
 84.15
 84.07
 83.81
 84.30
 84.75
 84.23
 84.63
 84.89
 85.26
 85.37
 85.40
 85.61
 85.84
 85.84
 86.21
 86.49
 86.63
 86.60
 86.52
 86.74
 86.86
 86.94
 87.23
 87.48
 87.56
 87.58
 87.55
 87.63
 87.57
 87.29
 86.95
 87.24
 86.46
 85.54
 86.17
 86.07
 85.67
 85.77
 86.05
 86.21
 86.64
 87.17
 87.20
 87.43
 87.25
 87.40
 87.26
 86.98
 86.80
 86.83
 86.69
 86.54
 86.90
 87.21
 87.24
 87.13
 87.02
 86.81
 86.84
 86.83
 86.93
 87.09
 86.84
 86.20
 86.03
 86.20
 86.16
 86.32
 86.53
 86.53
 86.50
 86.55
 87.04
 87.56
 87.94
 88.04
 88.24
 88.15
 88.51
 88.46
 88.30
 88.78
 88.88
 88.89
 89.04
 89.00
 88.93
 89.11
 89.23
 89.51
 89.71
 89.92
 89.85
 89.66
 89.55
 89.94
 90.27
 90.10
 89.54
 89.46
 89.67
 89.18
 88.75
 88.09
 88.60
 88.30
 87.84
 88.42
 87.72
 87.09
 86.90
 87.11
 86.88
 85.93
 85.04
 84.73
 85.12
 84.01
 84.49
 85.20
 85.74
 85.34
 85.05
 85.21
 84.67
 83.56
 83.06
 81.60
 82.41
 84.12
 84.48
 85.16
 84.99
 84.67
 85.39
 85.71
 85.69
 85.59
 85.87
 85.72
 85.69
 85.63
 84.55
 84.07
 83.85
 84.07
 84.05
 83.87
 84.03
 84.68
 85.25
 85.42
 85.46
 85.79
 85.79
 86.07
 85.86
 85.87
 86.13
 86.38
 86.77
 86.87
 87.04
 86.99
 86.79
 86.69
 86.56
 86.71
 86.81
 87.14
 87.20
 87.21
 87.17
 87.17
 87.65
 88.06
 88.36
 88.66
 88.89
 89.12
 89.38
 89.03
 89.52
 90.02
 90.05
 90.08
 89.81
 90.22
 89.86
 90.02
 90.65
 90.43
 90.02
 89.96
 89.90
 90.08
 90.63
 90.54
 90.47
 90.85
 91.37
 91.35
 91.34
 91.19
 91.38
 91.68
 91.80
 91.78
 91.94
 91.98
 91.67
 92.20
 92.51
 92.21
 92.42
 92.23
 92.31
 92.46
 92.37
 92.23
 91.93
 91.83
 92.11
 92.55
 92.63
 92.41
 92.60
 92.22
 92.24
 91.64
 91.78
 91.94
 92.03
 91.80
 91.61
 91.50
 91.21
 91.27
 90.59
 91.39
 91.28
 91.56
 91.80
 91.83
 91.88
 92.02
 92.12
 92.08
 91.65
 92.01
 92.29
 92.19
 91.52
 91.53
 91.81
 92.20
 92.43
 92.18
 92.26
 92.85
 93.06
 93.14
 93.33
 93.41
 93.19
 93.36
 93.50
 93.77
 93.95
 93.69
 93.36
 93.47
 93.71
 93.85
 93.70
 93.67
 93.31
 92.88
 92.16
 92.53
 92.65
 93.26
 93.59
 93.55
 94.06
 93.83
 93.81
 93.65
 93.17
 93.16
 92.66
 92.41
 91.87
 91.48
 90.89
 91.14
 91.22
 90.06
 89.15
 89.47
 89.24
 88.04
 88.18
 88.96
 88.96
 88.85
 87.85
 87.35
 87.86
 88.17
 88.53
 89.20
 89.46
 89.13
 89.29
 89.54
 89.62
 89.27
 88.78
 89.23
 89.94
 90.76
 91.31
 91.56
 91.76
 91.79
 91.45
 91.54
 91.87
 91.99
 91.58
 91.57
 92.08
 92.42
 92.27
 92.08
 91.99
 91.76
 91.13
 91.06
 90.90
 89.85
 89.39
 87.93
 87.84
 86.32
 87.08
 87.23
 86.23
 85.47
 84.41
 83.63
 85.12
 85.02
 85.43
 86.20
 86.77
 87.07
 87.07
 87.33
 86.13
 86.10
 85.96
 86.06
 85.42
 84.83
 84.93
 85.50
 86.44
 86.83
 87.07
 86.73
 86.47
 86.51
 86.48
 86.71
 86.85
 86.50
 86.58
 86.08
 85.67
 84.86
 84.74
 85.61
 85.82
 87.06
 87.38
 87.61
 87.45
 86.88
 86.30
 86.82
 87.08
 86.99
 86.33
 85.51
 85.52
 85.41
 83.83
 83.70
 84.10
 83.77
 83.60
 82.31
 82.33
 83.15
 83.93
 84.00
 83.75
 83.49
 83.11
 83.02
 83.17
 82.74
 81.63
 81.18
 80.16
 79.62
 78.24
 78.11
 79.07
 78.06
 76.41
 74.53
 75.86
 77.10
 77.70
 77.42
 76.96
 76.34
 76.05
 76.29
 77.91
 78.32
 79.13
 80.08
 79.99
 79.59
 79.04
 77.71
 77.94
 77.67
 77.86
 78.10
 77.11
 76.31
 76.56
 74.90
 75.10
 74.69
 74.05
 73.20
 74.53
 74.91
 77.04
 76.89
 76.60
 77.47
 78.68
 78.05
 77.84
 78.19
 78.42
 78.90
 79.58
 80.23
 80.24
 80.20
 80.81
 80.88
 80.56
 80.81
 80.73
 81.38
 81.89
 81.94
 81.37
 81.69
 82.37
 81.80
 81.26
 80.09
 79.67
 80.21
 80.85
 80.71
 80.42
 80.45
 80.08
 80.13
 80.24
 80.84
 81.72
 82.05
 82.14
 83.00
 82.73
 82.64
 81.64
 81.58
 81.27
 80.96
 81.38
 81.69
 81.47
 81.00
 80.61
 80.37
 80.33
 80.38
 80.55
 81.60
 82.18
 82.81
 82.81
 83.47
 83.91
 84.53
 84.31
 85.24
 85.79
 85.82
 86.07
 86.39
 86.51
 85.85
 85.81
 86.16
 86.66
 86.61
 86.43
 86.73
 87.36
 87.18
 86.95
 87.72
 87.36
 87.49
 87.58
 88.17
 88.27
 87.86
 87.89
 87.40
 87.34
 87.45
 87.41
 86.46
 86.78
 87.68
 88.16
 88.29
 88.10
 88.16
 88.27
 88.53
 88.89
 88.43
 88.35
 89.19
 90.09
 90.25
 90.20
 90.00
 90.25
 90.94
 90.87
 90.91
 90.73
 90.70
 90.20
 89.24
 89.22
 89.79
 89.94
 89.36
 88.24
 88.88
 88.78
 89.46
 90.43
 91.07
 91.86
 91.94
 92.11
 92.30
 92.62
 93.11
 93.02
 93.81
 94.01
 93.84
 93.67
 93.91
 94.32
 94.44
 94.58
 93.60
 93.35
 93.75
 93.48
 92.71
 93.14
 92.78
 92.53
 92.07
 91.67
 91.23
 90.18
 91.19
 90.98
 90.49
 89.08
 90.23
 89.79
 88.43
 90.23
 90.91
 91.40
 91.56
 92.04
 92.62
 92.40
 92.49
 92.54
 92.51
 92.44
 92.20
 91.97
 92.00
 91.64
 91.30
 91.31
 90.85
 90.64
 90.91
 91.36
 91.32
 91.69
 92.05
 92.48
 92.40
 92.42
 92.74
 92.75
 93.50
 93.65
 93.85
 94.04
 93.73
 93.74
 94.06
 94.35
 94.49
 94.75
 95.37
 95.78
 95.66
 95.83
 95.58
 95.69
 95.78
 95.53
 95.15
 94.64
 94.77
 94.55
 94.63
 94.78
 94.25
 93.74
 93.61
 93.09
 92.70
 92.64
 92.88
 93.07
 93.64
 93.68
 94.21
 94.39
 94.33
 94.36
 94.54
 94.99
 95.99
 96.20
 96.27
 96.53
 96.17
 96.13
 96.75
 97.00
 97.59
 96.76
 96.79
 96.79
 96.71
 96.32
 96.65
 96.43
 96.67
 97.26
 97.51
 96.84
 96.37
 95.75
 96.00
 95.25
 95.00
 95.25
 95.43
 95.38
 94.96
 94.42
 94.52
 94.94
 94.96
 94.79
 93.90
 92.71
 92.34
 91.78
 91.48
 91.14
 91.59
 92.21
 91.97
 91.39
 91.76
 92.60
 92.82
 91.65
 93.10
 93.65
 93.90
 94.17
 94.47
 94.47
 94.00
 94.50
 95.10
 95.23
 95.64
 95.53
 95.42
 95.12
 95.01
 95.34
 95.47
 95.03
 94.77
 94.63
 95.15
 95.38
 95.20
 95.26
 95.91
 95.89
 96.47
 96.11
 95.67
 95.36
 95.94
 96.62
 96.50
 96.52
 96.62
 96.72
 96.42
 95.82
 95.64
 95.56
 95.24
 94.03
 93.66
 93.17
 93.30
 93.45
 93.35
 92.89
 92.24
 92.56
 92.27
 91.87
 91.90
 92.06
 90.90
 89.86
 89.07
 90.14
 90.30
 89.96
 90.31
 90.83
 91.24
 90.89
 90.18
 90.53
 90.08
 89.36
 89.11
 87.92
 87.72
 89.26
 89.10
 89.03
 90.13
 90.23
 90.03
 88.32
 89.10
 89.59
 88.99
 88.98
 88.33
 88.42
 88.44
 88.93
 89.66
 89.57
 90.20
 92.48
 92.64
 93.47
 93.84
 93.29
 94.95
 95.67
 96.53
 96.59
 96.62
 96.81
 97.08
 95.85
 95.32
 96.48
 96.62
 96.92
 97.21
 97.46
 97.59
 97.97
 98.59
 98.66
 98.35
 98.90
 98.91
 98.39
 98.50
 98.19
 98.12
 98.07
 97.60
 96.90
 96.45
 96.93
 97.18
 96.97
 97.15
 96.99
 97.62
 97.92
 98.68
 99.99
100.38
 99.89
100.65
101.27
101.41
101.66
101.25
101.13
100.13
 99.99
100.51
100.66
100.39
100.08
 99.98
 99.58
 99.40
 99.74
100.91
101.94
102.23
102.39
102.34
102.26
101.70
101.44
100.46
 99.33
 99.21
 97.94
 98.34
 97.65
 97.74
 97.28
 96.63
 96.85
 97.25
 97.04
 97.01
 98.01
 98.53
 98.07
 98.68
 99.00
 98.96
 98.70
 98.69
 98.94
 98.81
 98.74
 98.86
 99.32
100.02
100.74
101.20
101.23
100.73
100.52
100.86
101.24
101.50
101.59
101.66
102.24
102.59
102.36
102.31
102.67
102.86
103.34
103.71
103.70
103.74
103.29
103.18
103.32
103.53
104.01
104.82
104.99
104.57
103.84
104.20
103.90
103.30
103.41
103.06
103.10
103.27
103.50
103.95
104.62
105.13
105.20
105.78
105.92
106.14
105.97
106.30
106.48
107.26
107.76
108.37
108.12
108.02
107.67
107.93
107.66
107.39
107.32
107.58
107.10
106.66
106.97
106.34
105.21
105.04
105.15
104.74
103.80
103.86
103.93
103.99
102.47
101.22
100.80
101.22
100.93
100.40
101.13
101.62
102.18
102.03
101.69
101.63
101.98
102.43
102.38
102.40
102.41
102.51
102.55
103.01
102.89
102.92
103.20
103.54
103.53
103.65
103.63
103.71
103.61
102.44
101.40
100.65
 99.79
 98.60
 97.98
 98.45
 98.14
 98.13
 98.38
 99.32
 99.71
 98.70
 98.65
 98.99
 99.32
 99.05
 98.39
 98.00
 98.25
 98.49
 99.21
 99.84
 99.63
 99.50
 99.66
100.39
101.10
101.51
101.42
100.78
100.68
 99.89
100.14
101.02
101.55
101.65
101.57
101.53
100.63
100.78
101.24
100.56
100.78
100.80
101.27
101.72
102.03
102.79
103.69
103.51
104.00
104.37
104.86
104.67
105.10
105.05
104.89
105.34
106.16
105.85
105.94
104.97
104.04
104.47
104.60
104.59
104.36
103.57
103.26
103.46
102.94
102.63
102.59
102.76
102.12
101.20
100.42
 99.55
 98.26
 98.65
 98.32
 97.95
 97.81
 97.24
 96.67
 96.23
 97.32
 97.01
 97.25
 97.33
 97.71
 98.08
 98.94
 99.61
 99.03
 97.63
 96.88
 95.38
 95.77
 94.55
 94.24
 95.18
 95.76
 94.95
 93.52
 93.12
 92.80
 91.96
 90.21
 89.48
 89.93
 91.83
 93.47
 92.99
 93.41
 93.92
 93.99
 93.94
 93.36
 92.63
 92.70
 93.34
 94.00
 94.57
 95.07
 95.07
 95.35
 95.92
 94.93
 94.30
 94.49
 94.89
 95.51
 95.54
 94.98
 94.20
 93.64
 92.70
 93.38
 94.95
 94.22
 94.35
 94.87
 94.95
 94.63
 94.90
 95.19
 95.63
 95.63
 95.50
 94.77
 94.16
 93.41
 93.12
 92.52
 93.24
 93.19
 93.36
 93.09
 93.67
 93.03
 93.56
 94.55
 95.70
 95.72
 96.37
 96.26
 96.46
 97.20
 97.83
 97.46
 98.12
 97.94
 97.66
 96.81
 96.93
 97.24
 97.15
 97.21
 97.64
 97.67
 98.26
 98.33
 98.07
 97.89
 97.42
 97.07
 96.41
 96.39
 95.90
 94.91
 94.32
 93.24
 92.94
 93.27
 93.81
 93.22
 92.65
 91.65
 91.95
 91.73
 90.63
 90.55
 90.48
 90.52
 90.81
 90.54
 89.72
 89.20
 90.61
 91.38
 90.58
 90.23
 91.18
 91.89
 91.25
 91.60
 92.06
 93.00
 93.46
 92.82
 92.63
 92.68
 92.40
 91.70
 91.79
 91.65
 91.68
 90.92
 89.65
 89.83
 89.91
 89.95
 89.07
 88.17
 87.62
 86.79
 85.69
 85.02
 85.75
 86.77
 86.24
 85.90
 86.33
 87.01
 86.10
 86.94
 86.73
 86.54
 86.47
 86.37
 87.44
 87.76
 88.03
 87.99
 89.35
 88.90
 89.50
 89.71
 90.23
 90.04
 90.00
 89.44
 88.51
 88.75
 88.69
 88.33
 87.86
 86.91
 87.29
 87.54
 87.42
 87.06
 86.99
 87.98
 89.77
 89.92
 89.63
 89.63
 90.07
 89.79
 89.39
 88.76
 88.52
 88.49
 88.53
 88.24
 87.64
 86.89
 86.73
 85.88
 85.67
 85.83
 85.38
 84.27
 83.04
 82.77
 81.46
 80.27
 81.81
 81.52
 81.44
 79.37
 78.60
 79.47
 79.83
 79.44
 78.60
 77.85
 76.53
 75.44
 76.90
 76.96
 75.46
 73.52
 72.16
 72.25
 70.25
 69.29
 72.77
 74.61
 76.55
 77.84
 77.84
 78.52
 77.36
 76.17
 76.29
 76.25
 75.48
 74.45
 74.21
 74.38
 76.15
 76.00
 76.51
 77.05
 76.64
 74.76
 73.97
 74.02
 73.47
 72.89
 72.72
 73.04
 72.92
 71.78
 71.23
 73.00
 74.06
 74.57
 74.48
 74.42
 75.23
 76.34
 77.69
 77.72
 76.98
 77.03
 78.00
 77.82
 77.65
 77.77
 78.04
 78.07
 78.05
 77.02
 77.19
 77.18
 77.08
 77.28
 76.20
 75.82
 75.42
 74.76
 75.18
 75.33
 76.20
 76.96
 77.64
 79.24
 80.99
 81.12
 81.21
 81.08
 81.86
 81.52
 80.95
 80.96
 82.09
 82.83
 83.04
 82.79
 82.30
 82.52
 82.07
 81.36
 81.79
 82.29
 82.62
 81.91
 81.66
 82.83
 83.91
 83.97
 83.86
 84.30
 84.21
 84.32
 85.16
 86.47
 86.85
 86.89
 85.95
 85.08
 84.17
 84.06
 84.19
 84.65
 84.28
 83.15
 83.64
 83.66
 83.38
 83.77
 83.31
 83.12
 83.43
 83.36
 83.25
 83.51
 84.22
 84.39
 84.10
 84.22
 84.67
 84.79
 85.03
 84.15
 83.37
 83.24
 83.34
 82.79
 82.91
 83.72
 84.24
 84.78
 85.09
 85.93
 87.20
 87.47
 88.48
 88.90
 89.46
 89.94
 89.47
 89.54
 89.92
 90.26
 89.80
 89.66
 89.72
 90.04
 90.22
 89.94
 90.04
 90.10
 90.61
 91.09
 92.08
 92.27
 92.15
 91.15
 91.80
 92.35
 92.38
 92.19
 91.98
 92.72
 92.56
 92.80
 93.03
 93.41
 93.76
 93.78
 94.19
 94.88
 95.28
 95.59
 94.89
 95.21
 95.88
 96.42
 96.43
 96.63
 96.62
 96.93
 97.45
 97.51
 97.39
 97.91
 98.43
 98.66
 98.20
 97.56
 96.74
 95.72
 96.09
 96.73
 96.92
 96.75
 97.00
 96.98
 96.95
 97.92
 98.96
 99.38
 99.46
 99.30
 99.39
 99.57
100.71
101.21
101.12
101.19
101.01
100.62
100.28
 99.62
 99.61
 99.95
100.03
100.26
100.31
100.39
100.56
100.79
101.51
101.98
102.10
102.88
102.98
103.37
103.52
103.49
104.01
103.61
103.36
103.56
104.05
103.94
104.39
104.77
104.63
103.95
103.29
103.79
103.78
103.23
102.87
102.36
102.62
102.90
102.69
102.21
100.69
100.83
101.07
101.31
100.99
100.13
 99.47
 99.59
 99.40
 99.63
100.20
100.96
101.01
101.30
101.14
100.32
100.29
100.64
101.07
100.22
100.32
100.52
100.50
 98.97
 97.87
 97.59
 98.41
 98.17
 97.99
 97.74
 98.82
 99.70
 99.78
 99.78
 99.76
100.04
100.34
100.69
100.82
 99.50
 99.22
 99.28
 99.11
 98.93
 99.32
 99.28
 99.11
 98.94
 98.67
 97.78
 97.07
 96.02
 95.58
 95.96
 94.51
 93.89
 94.09
 94.25
 93.53
 93.54
 94.66
 96.00
 95.69
 98.76
 99.99
 98.60
 98.16
 98.33
 99.34
100.40
100.41
100.24
100.48
 99.52
 99.03
 99.07
 99.29
100.69
101.15
101.34
100.80
100.42
100.07
 99.34
 99.77
 99.66
 99.96
 99.68
 99.34
 98.47
 98.38
 98.15
 97.62
 97.88
 97.90
 98.34
 98.93
 99.21
 99.11
 99.82
100.02
 99.36
 99.16
 99.57
 99.03
 98.13
 97.79
 97.35
 97.00
 95.65
 95.60
 95.51
 95.10
 94.74
 93.79
 93.96
 94.23
 92.80
 93.18
 94.91
 94.79
 94.46
 94.39
 94.46
 93.41
 92.12
 92.12
 91.81
 92.71
 92.85
 92.13
 91.61
 90.79
 90.16
 90.33
 91.94
 93.41
 93.99
 95.54
 94.84
 97.06
 96.51
 96.87
 96.92
 96.96
 97.69
 97.97
 97.67
 98.54
 99.74
100.26
101.55
101.80
101.18
100.74
100.95
101.95
102.21
101.78
102.09
101.67
102.09
103.07
103.51
103.47
103.32
103.65
103.59
102.99
103.39
103.70
104.05
103.88
103.88
103.65
102.57
102.78
102.50
103.50
104.16
103.94
104.01
104.68
104.64
104.86
105.54
104.74
105.55
105.59
105.08
104.59
105.03
105.62
105.59
105.28
105.29
105.38
105.45
106.18
106.19
106.57
107.35
107.32
107.94
108.77
108.87
108.96
108.94
108.37
107.33
107.61
107.75
107.50
107.92
107.59
106.69
106.84
107.75
107.52
107.30
107.17
106.49
107.20
107.48
108.12
109.00
109.42
109.62
109.45
109.76
110.18
109.91
109.84
109.51
109.77
109.20
109.04
108.89
108.19
107.12
106.89
107.05
107.67
106.69
106.08
105.99
106.25
106.63
106.14
104.74
105.42
105.77
106.38
106.86
106.66
106.89
107.94
108.98
109.69
109.78
110.31
110.46
110.66
110.35
109.53
109.69
109.73
108.82
108.21
107.65
107.28
106.86
107.01
107.55
108.39
108.44
108.36
108.11
108.56
108.79
108.68
108.27
107.48
107.37
107.02
106.82
107.14
107.49
108.10
109.04
108.69
108.11
107.32
106.89
106.28
106.80
105.88
105.83
106.14
105.81
106.66
107.92
107.60
107.53
107.28
107.38
107.39
108.40
109.29
110.14
110.43
110.61
110.69
110.86
111.05
111.95
112.55
112.06
111.66
111.34
111.76
111.72
112.41
112.26
111.02
110.67
110.23
110.41
110.57
111.09
111.51
111.23
110.55
110.29
110.15
109.51
108.47
108.90
108.93
108.81
108.61
108.55
108.60
108.43
108.52
108.05
108.17
109.66
110.35
110.55
110.16
110.30
110.09
108.89
109.62
109.90
109.99
109.50
108.60
107.92
106.77
107.50
108.19
108.05
109.24
110.35
110.81
110.72
110.99
110.62
110.59
111.58
112.67
113.23
114.22
113.98
113.35
113.50
113.73
113.90
114.95
114.50
115.13
115.49
115.53
116.21
116.90
117.27
116.72
116.47
116.52
116.67
117.38
117.77
117.58
118.01
118.60
118.86
119.12
118.66
118.56
118.24
118.26
116.90
116.34
115.95
115.11
115.83
116.30
116.93
118.05
119.10
119.57
119.40
119.87
119.85
119.73
119.43
120.24
119.30
118.44
118.14
118.68
118.85
118.78
118.21
118.22
116.73
116.45
116.01
115.83
116.03
114.76
114.35
114.23
114.45
113.66
113.16
114.68
116.06
116.78
115.10
114.45
114.98
115.40
114.69
114.44
113.16
112.19
110.90
111.68
111.05
112.28
112.68
114.10
114.45
114.23
113.79
113.86
114.48
114.98
114.12
113.54
112.17
111.95
110.49
108.84
108.88
109.84
111.56
111.62
112.71
111.52
110.18
109.24
108.77
108.52
109.28
110.86
112.21
112.68
112.58
112.08
111.44
110.94
111.54
112.17
111.57
109.99
108.34
108.89
107.23
106.97
107.10
108.43
110.22
111.00
110.53
111.25
110.44
109.54
108.17
105.90
106.57
106.43
105.56
103.86
102.73
103.58
104.07
107.14
107.94
107.51
105.91
104.95
103.93
102.97
104.62
104.31
105.84
107.03
106.70
108.29
107.60
106.40
105.10
103.60
103.99
104.44
103.21
103.70
102.25
103.30
103.62
104.69
104.26
102.90
101.87
101.78
101.28
102.14
103.52
105.80
105.50
104.09
105.67
105.72
106.35
106.55
107.14
107.52
108.14
109.64
109.85
109.59
109.25
108.22
106.83
106.67
106.49
106.73
106.55
105.55
105.61
104.77
103.71
102.71
103.01
102.29
102.31
101.61
100.89
100.53
101.91
101.62
102.42
103.02
104.03
103.88
104.25
104.51
104.64
105.15
104.76
103.85
103.22
103.06
103.36
104.44
104.15
103.77
105.88
106.76
107.20
107.36
108.05
108.83
109.08
108.43
108.21
108.79
108.78
108.41
109.85
110.23
110.13
109.22
111.09
111.44
110.05
110.19
109.97
110.01
110.22
109.16
109.75
110.27
110.50
111.38
111.15
109.33
108.29
107.69
107.07
105.52
104.96
105.80
107.02
105.30
104.44
104.36
102.45
102.43
103.88
100.71
 98.66
 99.76
 99.44
 96.58
 95.70
 97.65
 97.31
 95.96
 93.90
 93.59
 92.16
 94.42
 96.51
 97.95
 96.04
 93.57
 92.38
 93.29
 92.75
 94.74
 94.82
 94.55
 93.54
 92.90
 95.74
 97.74
 97.54
 97.55
 97.68
 99.80
 98.90
 98.07
 96.12
 93.42
 92.39
 93.66
 93.42
 94.23
 95.67
 97.30
 95.56
 95.40
 96.55
 97.07
 96.82
 96.63
 96.09
 96.01
 97.06
 96.57
 95.32
 93.29
 93.00
 93.26
 93.30
 92.33
 90.66
 90.94
 90.98
 90.95
 92.27
 92.12
 93.44
 94.71
 95.39
 95.03
 96.00
 96.40
 96.22
 95.53
 95.53
 97.32
 97.98
 96.94
 97.78
 98.88
 99.15
 99.74
 99.65
 99.28
 98.05
 97.23
 97.57
 97.34
 97.27
 97.64
 97.95
 96.59
 94.82
 93.98
 93.25
 93.35
 94.33
 94.33
 93.01
 92.03
 92.61
 92.40
 92.12
 92.05
 93.66
 94.36
 94.78
 93.75
 93.38
 91.81
 90.30
 89.57
 90.18
 90.00
 90.31
 92.22
 92.09
 91.29
 91.12
 91.46
 91.64
 92.96
 91.47
 90.66
 90.69
 90.45
 89.72
 88.21
 87.86
 87.91
 87.09
 87.29
 88.58
 88.37
 86.89
 87.43
 87.28
 89.10
 90.14
 90.31
 91.96
 92.55
 93.10
 92.28
 92.06
 92.34
 91.30
 90.04
 89.45
 88.84
 88.21
 87.46
 87.69
 88.98
 87.67
 86.31
 86.00
 86.02
 84.30
 84.25
 83.66
 81.09
 81.48
 79.99
 79.89
 83.15
 83.78
 82.81
 83.70
 83.78
 83.54
 83.81
 84.65
 84.99
 83.98
 82.40
 80.94
 80.50
 79.31
 78.75
 78.59
 79.29
 80.52
 82.65
 81.57
 80.86
 79.75
 78.49
 76.73
 76.30
 75.67
 74.57
 74.95
 73.51
 72.80
 71.55
 72.16
 70.94
 70.76
 69.99
 72.15
 70.52
 68.69
 70.87
 71.42
 69.72
 69.24
 68.55
 66.71
 65.20
 66.26
 67.38
 67.72
 70.09
 70.14
 69.42
 68.02
 67.57
 66.46
 64.94
 63.54
 63.39
 63.38
 62.28
 62.34
 64.95
 64.84
 67.82
 69.79
 71.14
 72.72
 71.44
 70.33
 71.17
 72.28
 73.50
 73.13
 71.03
 70.22
 70.22
 70.09
 72.83
 74.31
 73.90
 73.88
 73.08
 75.11
 74.75
 75.21
 74.91
 75.15
 73.67
 73.35
 73.06
 71.91
 69.27
 68.20
 67.90
 68.18
 68.90
 68.83
 69.47
 69.94
 69.97
 68.11
 67.17
 67.41
 66.13
 65.01
 65.60
 67.28
 67.67
 67.45
 67.07
 66.46
 67.58
 67.90
 67.65
 66.91
 65.96
 66.88
 67.44
 67.14
 67.16
 68.56
 70.23
 70.71
 71.07
 71.02
 70.04
 71.17
 72.61
 72.31
 71.68
 72.14
 72.05
 70.96
 71.08
 70.70
 71.74
 72.07
 72.98
 75.37
 76.03
 77.26
 76.21
 76.98
 77.82
 77.61
 78.95
 78.56
 78.63
 78.36
 78.58
 79.92
 81.01
 81.50
 80.93
 81.44
 82.21
 82.62
 81.44
 79.53
 80.37
 80.77
 81.59
 83.03
 83.56
 82.90
 83.69
 84.30
 84.95
 84.36
 83.59
 83.74
 84.76
 86.01
 85.13
 84.34
 83.61
 83.39
 81.42
 82.06
 83.59
 83.85
 83.36
 82.64
 82.64
 81.51
 80.88
 80.35
 80.99
 82.84
 83.77
 84.18
 85.60
 86.30
 86.60
 87.25
 86.30
 87.23
 87.09
 86.12
 86.04
 86.62
 86.23
 85.64
 87.30
 88.10
 89.22
 90.08
 88.64
 89.08
 89.56
 90.53
 90.61
 91.58
 92.27
 91.41
 90.43
 90.53
 90.07
 89.06
 89.39
 90.58
 90.34
 89.71
 89.68
 91.15
 92.58
 92.89
 92.60
 92.69
 92.48
 91.21
 90.44
 90.55
 90.08
 90.52
 91.46
 90.58
 90.39
 92.02
 92.61
 93.62
 94.19
 94.62
 94.81
 94.81
 95.19
 94.85
 94.18
 94.36
 93.54
 93.39
 94.80
 94.81
 94.66
 95.19
 95.61
 94.61
 93.63
 93.20
 92.44
 91.45
 90.18
 90.07
 89.29
 88.69
 88.19
 88.83
 88.75
 87.99
 87.15
 86.23
 86.25
 86.30
 86.02
 86.55
 87.12
 85.97
 85.60
 86.36
 86.20
 84.95
 83.22
 83.07
 84.28
 85.06
 83.96
 84.43
 86.40
 86.88
 85.48
 86.03
 86.20
 85.62
 85.89
 84.60
 83.79
 83.45
 83.30
 82.88
 82.09
 82.37
 84.06
 85.88
 85.07
 84.94
 85.74
 85.64
 86.19
 85.03
 83.87
 82.93
 83.82
 85.95
 86.88
 86.77
 87.94
 88.37
 88.21
 89.46
 89.28
 89.23
 89.37
 88.86
 89.82
 90.56
 90.71
 91.24
 89.83
 89.73
 90.51
 89.39
 89.31
 89.04
 88.09
 88.51
 89.15
 89.55
 89.33
 89.34
 89.87
 91.19
 91.04
 90.97
 91.46
 91.00
 89.98
 89.64
 89.53
 89.70
 90.71
 90.94
 91.24
 90.67
 89.33
 87.60
 87.84
 86.82
 87.07
 87.30
 88.08
 87.80
 87.83
 88.09
 88.93
 89.15
 89.43
 88.80
 88.14
 88.73
 89.46
 90.25
 90.13
 89.77
 90.19
 90.90
 92.58
 93.53
 93.95
 94.58
 94.95
 96.33
 95.57
 97.13
 96.61
 97.00
 98.32
 98.86
 98.24
 98.04
 99.21
 99.68
 99.07
 98.53
100.11
100.86
100.87
101.18
101.92
100.39
 99.46
 99.62
100.47
100.77
100.25
 99.67
 99.05
 99.85
101.41
102.10
101.61
102.03
101.69
100.11
 99.71
100.02
100.56
 99.98
 98.92
 99.11
100.19
100.58
100.94
101.89
100.86
 99.80
100.92
100.86
100.45
100.58
100.71
102.24
103.42
102.85
102.85
102.41
102.01
102.77
102.24
102.25
103.51
103.36
102.21
101.28
100.35
100.20
101.05
100.31
100.67
101.44
102.87
103.32
102.98
102.29
102.43
101.86
102.13
102.13
101.64
100.92
101.46
100.88
101.16
101.88
103.10
102.95
102.77
102.16
101.34
101.09
101.26
101.18
102.00
101.26
 99.44
 99.49
 99.34
 99.38
100.18
 99.85
100.22
100.13
 99.15
 98.63
 98.80
 98.74
 99.56
100.92
101.95
101.46
102.01
103.61
103.76
104.28
103.47
103.25
103.79
103.72
103.43
103.86
104.28
103.59
104.11
103.54
103.83
103.98
104.98
105.90
105.67
105.95
105.20
104.68
104.29
103.72
103.82
103.93
104.06
104.07
103.48
103.05
102.93
103.44
103.19
104.14
104.43
103.85
103.79
103.49
104.41
104.06
104.22
104.25
104.43
104.80
104.56
103.39
102.37
101.96
101.27
102.03
101.32
101.48
102.07
102.91
104.06
103.92
104.30
105.03
104.94
104.40
104.65
104.29
103.94
104.21
105.34
106.27
106.32
107.83
107.46
106.92
106.80
107.26
105.92
105.37
105.24
104.17
104.03
103.23
102.97
103.54
102.56
101.64
100.81
102.12
100.85
100.88
101.47
101.45
101.74
100.77
 99.96
100.07
101.06
101.76
101.61
102.90
103.10
101.92
102.41
100.82
 99.60
 99.36
 98.81
 99.64
 99.24
 99.90
100.04
100.61
101.89
101.92
102.59
101.96
102.41
103.15
102.44
102.10
102.49
102.12
102.76
103.56
103.49
104.08
104.51
104.70
104.63
105.07
105.14
104.80
104.26
103.65
104.22
104.71
104.84
106.06
106.77
106.34
106.88
107.46
107.00
105.70
104.76
105.02
105.01
105.20
104.12
103.40
104.20
104.01
103.73
103.32
103.85
102.97
103.32
103.25
103.13
102.34
101.79
101.93
102.03
102.54
102.36
101.85
101.88
101.89
101.60
100.73
100.82
100.22
100.74
101.04
101.50
100.92
100.49
100.49
100.19
 99.60
 99.48
 99.82
100.66
100.39
100.88
101.20
101.25
100.87
100.01
100.67
100.65
101.42
101.98
102.17
102.08
101.86
101.31
101.00
100.20
 99.70
 99.06
 99.00
 99.69
 98.54
 98.42
 99.21
 98.23
 98.01
 97.91
 98.35
 98.88
100.15
100.16
101.00
101.04
100.54
100.07
100.40
 99.75
 98.44
 97.15
 97.11
 97.96
 98.20
 98.44
 98.93
 99.43
 99.96
100.11
 99.49
 99.18
 99.47
 98.78
 98.73
 99.03
 99.47
 99.77
100.30
 99.88
 99.45
 98.15
 97.67
 96.77
 97.01
 96.27
 96.12
 96.93
 96.74
 97.69
 97.23
 97.73
 98.20
 98.14
 98.46
 98.74
 99.86
 99.62
 99.85
 99.97
100.42
100.74
100.46
100.62
101.19
100.98
100.14
100.11
100.48
100.10
100.09
 99.58
 99.93
 99.79
 99.55
 99.45
 99.59
100.18
100.95
101.79
101.73
101.59
101.67
100.85
100.27
 98.64
 98.79
 98.85
 99.12
 98.50
 98.37
 98.74
 98.76
 97.99
 98.05
 98.92
 98.16
 97.88
 98.18
 97.73
 97.74
 97.68
 97.51
 97.79
 97.62
 97.23
 96.15
 96.06
 96.92
 96.38
 96.77
 96.83
 97.45
 97.71
 98.01
 97.28
 96.37
 96.03
 96.09
 96.55
 96.80
 96.48
 95.85
 95.89
 95.10
 95.09
 95.04
 95.38
 95.24
 95.31
 95.85
 96.53
 96.74
 96.03
 95.68
 96.05
 95.97
 95.75
 94.93
 94.04
 93.46
 93.56
 93.47
 93.46
 92.38
 92.67
 92.32
 91.63
 91.00
 92.10
 92.34
 92.62
 92.34
 91.35
 90.71
 90.76
 91.58
 92.29
 92.46
 92.98
 94.71
 95.98
 95.32
 95.93
 95.45
 95.16
 95.33
 95.25
 96.09
 96.49
 96.69
 96.04
 94.55
 94.83
 94.69
 94.67
 94.27
 92.83
 92.78
 92.96
 93.65
 93.63
 93.56
 94.03
 93.55
 93.40
 92.69
 92.50
 93.05
 93.80
 94.69
 94.69
 94.75
 94.94
 95.10
 93.82
 93.52
 92.74
 91.62
 90.69
 90.17
 89.74
 89.82
 89.69
 89.43
 89.88
 90.56
 90.09
 89.89
 89.24
 89.25
 89.39
 88.58
 88.58
 89.34
 89.25
 89.93
 90.13
 89.62
 89.50
 90.33
 90.83
 90.30
 90.08
 89.86
 89.04
 88.83
 88.08
 87.96
 87.59
 87.56
 87.64
 88.49
 87.72
 87.04
 87.19
 87.32
 87.45
 86.90
 87.36
 87.84
 87.89
 88.88
 88.95
 89.35
 89.12
 89.51
 90.20
 90.82
 89.79
 89.47
 89.36
 88.87
 89.50
 89.64
 89.41
 89.21
 88.46
 88.86
 89.64
 89.79
 90.17
 90.49
 90.25
 90.11
 90.98
 92.92
 94.45
 93.43
 93.86
 94.54
 94.34
 95.77
 96.64
 96.82
 95.86
 96.83
 97.67
 97.25
 96.26
 95.93
 96.53
 96.19
 95.90
 95.92
 97.20
 98.07
 98.76
 99.35
 99.60
 98.62
 98.12
 99.09
 98.05
 97.08
 96.80
 96.58
 96.86
 97.24
 97.35
 98.14
 99.95
100.32
100.12
100.21
 99.93
 99.55
 99.57
 99.48
 98.34
 97.42
 97.49
 96.51
 96.01
 96.24
 95.85
 94.60
 94.98
 95.40
 95.57
 95.53
 95.09
 94.27
 94.32
 94.89
 95.27
 95.93
 96.24
 96.25
 97.58
 97.78
 96.87
 98.12
 98.03
 97.75
 97.72
 98.44
 99.08
 99.54
100.00
100.68
100.66
102.92
103.51
103.92
103.55
104.01
104.50
103.66
103.96
103.97
103.85
104.65
105.08
104.73
103.89
104.31
104.91
105.08
104.90
103.96
103.39
103.47
103.29
103.68
104.49
105.38
105.42
106.79
106.98
106.99
106.34
105.10
104.12
103.21
102.53
101.73
101.90
101.84
101.86
102.62
101.66
101.96
102.54
102.96
102.60
103.06
103.27
103.52
104.59
104.46
105.39
104.88
104.66
102.61
101.26
100.49
 99.33
 97.95
 98.18
 97.49
 97.31
 96.03
 94.59
 95.06
 93.15
 96.85
 95.61
 96.18
 95.19
 93.85
 94.45
 94.42
 94.77
 93.13
 92.49
 92.71
 93.71
 94.42
 95.25
 95.01
 95.48
 95.79
 95.99
 95.15
 93.75
 94.70
 96.28
 96.15
 97.44
 97.49
 97.08
 96.63
 97.11
 96.59
 96.06
 96.04
 95.33
 93.44
 94.24
 94.68
 94.71
 96.31
 97.52
 96.66
 96.28
 96.11
 96.73
 97.80
 98.58
 99.13
 98.80
 99.33
 98.77
 99.10
 99.93
100.69
 99.46
 99.48
 99.72
 99.75
 99.90
100.60
100.16
101.19
101.86
101.55
101.05
 99.93
 99.96
 99.50
 98.09
 98.05
 97.16
 97.65
 97.87
 98.20
 98.93
 98.87
 98.73
 98.67
 99.42
 99.07
 98.33
 97.78
 97.67
 96.13
 96.28
 96.90
 96.97
 98.06
 97.87
 98.44
 99.58
 99.54
 99.67
 99.84
 99.71
 99.86
100.69
101.06
100.50
101.25
101.67
101.60
101.04
102.48
102.12
102.03
101.59
100.90
102.40
102.65
103.26
103.18
102.87
103.34
102.31
102.00
101.12
101.24
101.70
101.28
101.23
101.57
102.20
102.50
102.01
101.80
101.76
101.68
101.72
101.81
100.69
 99.02
 99.17
 99.46
 98.52
 98.52
 98.06
 98.14
 98.42
 99.94
 99.93
100.14
100.51
 99.88
 99.93
100.22
100.05
 99.11
 99.08
 99.17
 99.32
100.62
101.30
101.79
101.49
101.91
102.85
102.31
102.20
102.09
101.56
101.58
101.63
102.09
102.64
102.09
101.66
102.27
102.80
102.91
101.99
102.09
102.43
103.62
104.47
104.20
103.64
102.69
102.32
102.74
101.83
101.69
101.61
101.82
101.59
101.97
103.08
103.10
103.10
103.15
103.81
104.17
104.10
104.04
104.30
105.65
105.98
105.49
106.40
107.42
107.52
108.25
108.09
108.30
108.83
108.91
108.99
108.63
108.60
109.14
109.02
109.02
109.02
109.32
107.44
106.40
106.85
107.66
108.17
107.51
107.82
107.85
108.76
108.84
108.00
108.28
110.51
110.47
109.61
109.68
109.96
110.21
109.32
108.56
109.59
109.59
110.17
111.27
109.88
106.63
105.30
105.05
104.49
103.36
103.19
103.39
103.61
101.60
100.71
100.28
100.44
100.00
100.57
100.71
102.67
101.82
102.57
102.51
101.82
101.20
 99.87
100.30
101.51
103.51
102.94
103.39
104.13
103.79
104.23
103.69
103.89
104.67
106.80
106.38
106.77
106.81
106.16
105.83
106.79
107.25
108.00
107.52
107.67
107.49
107.52
107.67
108.92
109.33
108.30
108.20
108.26
107.59
107.66
107.78
107.96
107.84
107.94
105.76
105.22
106.52
106.81
108.95
109.05
109.89
109.92
110.38
111.14
111.05
110.70
111.07
112.10
111.51
113.44
113.70
113.61
114.85
114.07
115.20
114.16
115.12
114.37
114.66
115.72
116.28
117.95
117.12
117.90
118.44
116.72
115.41
114.60
116.47
115.28
115.04
113.33
113.98
112.38
112.35
113.66
112.50
112.78
111.13
108.65
106.90
106.51
107.78
106.87
105.62
105.43
102.26
104.10
104.31
103.12
102.31
 99.28
 99.19
 98.68
 98.22
100.68
102.09
102.18
102.68
102.15
100.19
101.20
103.11
104.08
103.79
102.84
102.63
101.54
101.05
100.55
 99.80
103.43
103.73
104.40
105.16
105.64
105.86
106.29
105.46
105.58
106.38
106.25
107.18
106.13
104.72
104.78
106.30
106.85
106.99
107.35
107.67
107.62
107.72
109.01
110.62
111.40
112.06
110.27
111.24
110.76
110.51
112.61
112.78
113.20
113.71
114.66
116.02
115.52
115.81
116.09
116.03
116.26
114.66
114.06
114.51
115.14
116.72
116.19
116.00
114.24
114.93
115.68
117.46
118.29
117.84
117.98
116.95
117.84
120.01
119.30
119.63
121.44
122.04
122.51
122.19
121.93
121.79
120.78
121.43
122.40
122.23
121.67
121.21
120.98
120.74
121.55
123.30
123.61
124.78
123.79
123.28
125.25
125.72
123.39
122.60
123.77
125.46
126.02
125.16
124.84
123.52
122.08
122.38
123.74
126.12
125.42
124.88
123.31
124.07
124.81
125.66
125.54
125.67
126.74
128.87
128.40
129.25
130.40
129.43
130.37
128.72
126.35
123.54
125.46
127.13
128.09
129.33
131.73
131.00
131.65
131.04
130.29
132.03
132.02
133.70
132.22
131.52
132.61
131.84
131.92
129.53
129.85
127.88
128.05
127.91
126.29
127.47
129.04
131.33
128.91
129.18
129.48
131.26
134.59
136.49
137.15
137.75
139.70
139.06
140.40
139.11
138.31
139.33
140.17
140.52
137.21
136.97
136.71
136.48
134.03
130.61
130.48
128.26
127.36
129.23
129.45
130.60
132.89
133.00
133.70
135.78
135.30
135.88
136.57
135.03
135.33
135.76
136.34
137.97
138.12
135.08
133.06
133.48
133.52
133.29
133.47
134.22
134.77
134.37
131.65
131.36
130.26
130.23
129.84
131.12
130.34
130.24
129.55
126.91
128.46
128.59
129.63
130.60
129.27
129.24
128.24
127.48
126.98
127.81
128.48
126.61
126.58
127.35
127.39
128.52
130.10
131.27
132.01
130.56
130.86
129.93
129.85
131.12
130.46
129.95
133.19
133.11
134.68
133.92
134.22
133.46
134.08
135.69
134.67
137.11
136.27
134.65
134.28
136.00
136.57
136.32
135.49
133.93
133.91
134.31
134.67
134.51
133.15
132.68
134.17
134.70
135.45
134.23
134.14
133.94
135.14
135.48
134.33
133.05
132.81
132.72
130.67
130.32
130.78
131.67
131.66
129.71
130.72
130.55
131.28
132.17
132.54
132.09
132.00
131.75
131.33
132.77
133.77
133.45
132.59
132.41
130.62
130.71
130.96
132.22
132.24
131.97
132.32
133.75
133.49
133.61
132.15
133.32
131.64
132.27
131.95
133.35
132.66
132.81
132.56
131.89
131.21
129.77
128.64
127.37
128.24
128.32
129.30
129.37
129.64
129.65
130.23
130.34
130.76
128.72
128.34
127.13
127.40
128.46
129.90
129.14
129.16
130.01
130.92
130.48
131.18
132.67
132.64
131.75
132.54
133.85
133.40
133.51
132.49
131.22
130.11
130.49
130.69
129.23
125.50
125.13
124.96
123.51
124.08
122.79
123.02
123.49
121.24
120.07
117.98
118.40
120.14
121.61
120.66
119.77
118.87
117.15
116.26
117.24
116.68
115.65
115.01
112.77
115.53
115.94
116.18
117.08
119.36
119.51
119.39
121.31
122.31
121.45
121.21
120.78
118.80
119.71
119.19
118.98
120.28
120.10
119.64
118.60
118.16
119.29
119.45
119.06
121.89
124.20
124.80
124.74
123.54
122.67
123.29
122.70
122.92
123.19
121.67
120.24
121.15
120.26
120.71
121.71
121.60
123.51
124.05
125.09
126.35
126.10
124.69
125.12
126.26
125.19
124.82
125.48
125.71
124.93
122.78
122.99
122.42
123.12
124.00
123.34
122.88
122.31
122.54
122.27
121.67
122.30
122.55
122.74
120.05
119.18
118.93
119.55
116.78
116.30
114.88
115.54
116.33
117.22
115.97
115.27
115.75
115.38
115.41
115.19
115.74
118.92
120.40
117.78
118.01
116.48
116.42
117.26
114.63
113.68
114.66
114.43
114.38
114.06
113.69
113.82
113.22
111.59
111.51
113.47
113.21
113.11
113.31
112.68
110.92
109.88
109.34
107.34
108.83
109.41
109.36
108.61
109.45
109.28
109.08
110.30
110.61
112.77
113.55
112.97
113.21
111.94
112.30
112.27
111.96
113.79
115.12
114.73
115.36
115.46
116.22
116.00
115.99
115.83
116.35
116.81
116.70
115.44
115.72
117.19
118.64
119.26
118.00
117.26
116.13
116.44
116.81
117.46
117.67
118.68
119.47
118.38
119.42
119.17
118.22
118.01
116.71
115.84
114.89
114.59
114.89
114.79
114.40
113.11
112.66
111.88
111.68
112.04
111.86
110.09
110.12
109.63
108.99
109.61
111.24
109.96
109.69
108.87
107.60
107.28
107.20
108.30
110.14
109.83
109.14
110.26
110.21
109.61
108.71
107.65
107.29
107.22
107.53
108.83
109.57
109.45
110.44
110.47
111.07
110.73
111.54
111.42
111.47
111.17
110.36
109.43
107.73
107.72
107.09
108.98
107.83
106.14
105.16
103.71
103.08
102.84
102.60
102.42
103.85
104.09
109.04
108.53
109.16
113.02
116.11
115.34
117.58
118.55
117.11
117.66
119.51
118.25
120.28
122.68
121.37
122.20
121.97
120.97
122.24
123.10
124.29
123.77
122.55
122.51
124.88
123.99
123.81
123.32
123.62
123.24
121.63
120.42
121.97
121.51
121.98
125.97
128.80
131.05
134.47
134.44
136.71
134.57
133.57
136.73
136.58
139.23
139.06
138.87
133.32
134.48
135.28
133.59
133.71
135.47
137.49
142.87
141.85
142.16
140.44
143.02
141.16
141.76
139.53
137.03
135.42
137.93
138.34
137.02
134.22
132.93
133.88
134.88
134.20
138.54
138.72
138.82
138.69
141.77
142.72
141.81
140.00
139.57
139.95
137.39
135.24
135.30
137.49
136.26
138.61
138.83
139.72
142.18
140.77
141.24
140.33
140.64
138.34
141.35
141.96
145.27
145.18
146.78
145.78
146.69
145.73
146.65
146.71
146.40
145.27
146.29
143.85
139.97
141.75
141.54
144.27
144.51
145.30
142.96
143.23
144.26
146.14
146.93
145.70
145.00
147.50
147.63
148.92
148.30
147.43
147.44
148.00
145.48
146.79
149.60
149.74
148.06
150.88
152.30
153.48
153.67
153.67
151.26
152.87
151.80
151.24
150.83
151.36
149.80
149.59
149.90
151.19
150.66
152.81
153.37
152.67
151.85
151.59
153.39
152.96
153.02
151.89
151.04
151.76
152.85
155.14
155.82
156.77
158.11
158.75
159.74
158.71
160.71
160.05
160.42
158.81
161.81
161.44
162.95
164.42
162.11
162.34
163.31
164.28
166.10
165.81
165.95
164.96
164.25
164.90
163.40
163.71
163.27
161.99
162.14
163.43
165.54
166.21
165.48
164.46
162.39
162.55
163.98
164.42
164.83
162.77
161.36
161.83
162.68
164.84
165.53
167.12
169.14
169.13
169.02
170.53
170.99
170.57
170.40
168.46
165.68
166.64
168.11
168.91
166.60
168.48
167.56
167.08
168.11
165.53
165.46
166.01
164.29
163.95
164.83
169.29
169.06
168.89
169.53
170.35
167.59
165.04
162.56
162.04
162.01
163.44
161.33
161.74
159.18
160.13
161.54
161.55
162.16
163.71
163.41
165.29
163.55
163.98
164.34
162.77
161.25
160.84
162.14
162.25
162.58
164.40
164.23
165.00
167.89
167.96
167.77
166.92
165.48
164.80
165.36
164.38
166.24
167.62
169.25
168.41
169.76
169.51
170.07
168.43
168.01
167.23
166.07
165.80
166.27
167.74
170.28
170.80
172.65
170.34
169.63
169.88
169.86
170.43
167.81
166.73
166.98
165.95
165.99
166.47
165.38
164.84
163.37
163.55
163.64
164.84
163.45
162.44
161.91
161.76
163.97
164.41
166.29
166.58
165.36
166.08
166.13
165.09
166.05
166.84
166.96
167.18
166.54
167.91
166.40
166.49
165.44
165.77
165.47
165.91
165.20
165.09
165.62
164.93
163.33
161.67
162.39
162.32
162.00
163.56
163.27
163.22
164.76
165.34
164.86
164.93
164.04
166.78
168.81
169.28
168.90
167.95
167.79
167.75
167.02
167.18
167.83
167.55
167.04
166.21
164.87
165.94
164.84
164.24
163.94
162.87
163.41
162.74
163.36
160.91
158.08
158.74
155.85
155.42
156.30
154.95
156.61
156.25
156.13
155.74
154.64
154.31
154.29
157.51
159.30
156.82
157.06
158.19
159.24
157.89
156.25
154.57
155.19
154.35
156.34
156.78
156.77
157.41
159.27
157.78
158.86
158.66
156.69
156.86
156.67
157.30
159.88
159.52
159.18
157.98
157.66
157.54
155.04
155.48
155.45
155.87
155.00
157.73
157.31
158.32
158.97
157.90
158.02
156.80
158.05
158.65
160.30
159.89
160.05
161.68
161.90
161.20
159.11
159.47
160.52
160.11
160.00
158.49
157.50
158.00
157.99
156.57
155.78
154.73
153.88
153.15
151.23
151.62
150.29
150.35
150.55
153.24
154.34
153.65
155.01
154.92
155.17
153.06
152.19
152.13
150.39
149.03
151.73
152.61
154.84
154.51
154.46
153.97
152.71
151.64
152.84
153.18
153.20
153.70
152.76
152.24
153.36
152.89
150.56
150.03
150.88
151.60
152.38
151.40
150.37
149.55
148.95
147.82
148.83
150.08
151.19
150.19
150.66
154.08
157.99
162.35
162.60
162.71
161.75
165.54
165.42
165.43
164.42
162.80
163.77
164.14
164.94
167.83
167.06
167.12
167.51
166.44
167.40
167.10
166.60
166.68
164.88
164.29
165.65
164.37
164.26
164.45
164.68
167.94
168.78
168.87
167.65
166.94
167.47
165.67
165.28
165.62
166.28
166.96
166.10
164.62
163.59
162.44
162.92
162.68
162.13
161.67
162.11
162.78
164.18
165.77
164.78
164.14
168.10
167.96
167.36
167.09
167.20
166.31
165.29
164.78
166.84
166.09
167.49
167.42
168.58
170.41
169.17
168.68
167.60
167.36
165.97
165.99
165.89
164.10
163.10
164.18
164.52
166.92
165.55
166.29
165.02
163.91
163.58
162.82
163.38
162.10
162.76
162.26
162.83
163.07
162.63
161.81
162.69
163.61
168.11
167.16
166.38
165.51
166.76
166.47
165.75
166.26
167.24
165.37
164.57
163.68
164.24
163.99
165.18
168.31
167.91
170.51
170.80
171.19
170.73
171.32
175.23
175.48
177.30
176.71
177.35
177.39
179.18
179.39
179.63
178.63
180.35
180.61
180.43
181.82
182.19
180.51
180.56
183.35
182.41
181.60
181.33
181.18
180.19
179.36
179.23
181.17
180.71
181.19
183.23
182.06
182.23
180.65
179.51
179.10
178.79
179.66
178.19
177.84
176.53
176.88
179.54
179.08
179.35
179.04
177.97
178.43
179.54
179.54
180.66
181.27
180.53
179.11
179.03
178.03
178.21
179.42
180.19
180.54
180.92
181.20
181.68
180.84
181.11
180.70
181.88
182.26
183.43
182.18
180.63
179.83
178.37
179.01
180.08
179.99
180.76
180.62
181.92
184.28
184.61
183.87
184.54
185.66
187.42
189.72
189.64
188.56
187.60
188.29
187.86
187.68
187.75
189.55
189.32
190.04
190.16
191.06
189.68
189.51
189.04
187.61
185.33
187.10
186.53
187.34
186.63
186.73
189.61
189.15
189.74
190.06
191.23
191.85
192.43
192.01
191.45
192.52
191.93
191.05
192.37
192.94
193.29
192.72
194.72
195.65
194.38
195.13
194.35
192.55
191.58
192.06
192.40
189.60
189.93
190.92
192.11
191.48
190.62
187.93
187.68
188.95
188.32
187.63
187.30
187.41
187.26
186.10
186.38
188.08
189.16
187.36
187.17
187.31
188.10
188.83
188.93
188.63
187.91
187.37
187.27
188.24
188.25
186.90
185.03
183.69
182.91
182.88
181.36
181.71
183.39
182.05
184.30
182.62
180.66
181.29
182.08
185.07
184.06
184.36
183.22
181.87
181.87
182.52
182.78
184.28
186.37
186.08
187.98
187.66
187.04
186.96
188.04
189.09
188.50
187.52
187.76
189.23
190.07
189.82
191.53
191.25
192.37
192.76
192.62
193.72
197.29
198.08
197.10
199.06
198.11
198.71
198.67
198.99
201.41
201.52
200.35
200.67
202.54
202.17
200.46
200.86
204.23
203.88
202.99
204.25
204.39
206.31
206.73
209.94
212.02
210.65
209.81
210.02
210.94
208.57
207.14
207.65
209.61
210.68
211.28
209.59
210.88
210.65
213.80
207.97
206.11
205.96
206.72
206.64
208.26
209.17
208.43
207.53
205.79
203.49
204.25
206.43
207.39
209.81
210.29
209.33
211.78
213.96
212.79
212.96
213.47
214.56
216.24
215.92
215.97
217.40
219.76
222.45
219.76
222.22
224.62
224.34
223.79
224.04
226.77
226.92
225.42
224.38
224.34
225.13
225.57
226.58
231.69
232.54
233.19
236.55
234.67
235.78
235.60
236.54
233.34
235.33
234.72
237.30
238.97
238.90
235.14
235.71
232.47
228.69
228.63
233.52
233.75
236.44
235.97
237.28
237.73
242.22
243.03
242.38
244.74
242.42
241.75
242.02
242.29
243.08
240.51
235.52
235.16
234.79
237.73
237.24
236.08
237.13
237.85
237.58
236.41
237.54
234.43
232.76
233.20
236.11
235.45
240.12
241.35
244.75
246.63
247.98
247.35
245.04
245.51
243.94
245.65
245.67
239.96
239.58
241.13
241.49
245.73
246.13
244.35
244.99
244.06
247.58
245.26
247.03
248.93
248.74
249.60
250.84
252.04
252.70
251.79
244.05
241.59
242.82
243.01
242.22
238.11
233.66
235.01
236.07
236.36
236.24
238.18
238.67
237.95
240.22
236.01
234.55
236.59
236.12
234.91
235.99
237.03
236.84
237.04
236.88
240.68
243.34
245.67
246.25
247.15
247.38
246.51
249.77
249.67
250.19
247.81
252.84
253.30
252.84
252.93
248.52
250.08
253.83
250.47
248.14
247.67
247.06
235.18
230.67
231.94
231.72
231.68
232.31
232.21
234.93
235.67
236.28
231.83
232.23
229.91
231.32
233.60
233.92
233.71
234.78
234.41
236.68
235.85
235.48
235.91
235.37
238.80
239.53
238.84
235.97
235.88
236.26
239.28
238.26
238.77
239.26
240.94
243.71
243.98
245.80
246.20
246.58
245.87
245.77
246.13
247.08
246.64
243.02
244.50
243.21
236.78
237.66
242.05
245.86
247.45
248.17
248.77
249.22
249.05
254.00
253.85
253.04
251.17
251.16
249.28
250.96
248.17
247.35
248.21
250.04
247.56
246.78
249.73
248.75
246.34
246.75
246.92
244.67
243.37
242.17
246.45
252.19
252.78
255.33
257.28
258.73
260.30
259.95
262.64
265.49
266.28
269.34
269.04
267.84
273.91
270.10
269.61
273.75
275.40
274.24
274.08
276.45
275.99
279.64
281.16
280.04
278.16
275.07
277.54
275.62
279.70
285.49
285.42
285.57
285.48
282.38
282.88
284.00
282.96
284.20
283.00
284.12
288.62
290.52
290.66
288.30
290.86
290.31
291.22
289.89
288.23
292.47
292.78
294.08
298.17
301.16
301.64
300.38
300.93
296.13
289.20
291.70
292.39
293.63
300.41
301.95
296.69
297.26
292.86
292.49
285.62
279.16
284.44
286.91
286.09
293.07
287.19
286.82
281.52
281.83
282.51
284.57
288.36
288.03
289.36
295.34
295.47
294.71
293.37
291.57
293.30
293.98
294.24
287.43
286.65
279.62
278.21
280.17
282.16
289.11
288.73
290.76
290.10
289.83
288.46
293.47
295.09
293.45
296.72
297.28
297.47
298.73
301.62
303.14
304.70
304.81
305.69
306.97
309.65
308.43
306.86
308.96
307.16
307.90
304.00
302.94
305.63
304.92
307.40
308.29
307.52
308.39
307.63
310.68
310.42
312.70
314.59
311.39
308.55
308.47
307.81
309.27
310.65
312.33
315.65
318.05
318.66
317.57
316.23
318.45
322.09
323.00
328.00
333.33
332.39
334.65
333.99
334.11
329.25
329.83
334.84
335.90
333.33
336.77
334.57
331.38
327.04
329.80
323.40
321.68
320.21
316.70
313.56
313.92
317.13
321.98
323.08
317.74
314.86
314.93
314.86
310.54
319.50
321.19
319.72
320.16
323.20
321.69
321.83
327.33
328.07
328.08
319.22
318.54
314.16
311.07
309.39
314.52
305.23
298.08
282.70
224.84
236.83
258.38
248.25
248.22
227.67
233.19
233.28
244.77
251.79
255.75
250.82
248.96
254.48
250.41
243.17
239.00
241.90
248.52
245.64
246.76
243.04
245.55
240.05
242.00
242.99
246.39
244.10
240.34
230.30
232.00
233.45
225.21
223.92
228.76
234.91
238.89
233.57
235.32
242.19
242.80
248.08
242.98
249.16
249.54
249.95
253.16
252.02
245.57
244.59
247.86
247.08
255.94
258.63
258.89
261.07
243.40
247.49
245.42
245.81
245.88
252.05
251.88
249.32
242.63
243.14
246.50
252.17
249.57
249.38
253.29
257.07
255.04
255.57
252.21
252.21
250.96
249.10
251.72
256.66
255.95
257.63
259.83
259.21
257.91
261.61
265.64
265.02
264.43
261.58
262.46
267.82
267.72
267.98
267.88
267.30
267.38
269.43
269.06
263.84
264.94
266.37
266.13
268.65
271.22
271.12
268.74
268.84
268.91
263.35
258.51
258.06
260.07
258.07
258.89
256.09
258.51
265.49
266.16
269.43
270.16
271.37
271.57
259.75
259.77
259.21
257.92
256.13
256.42
260.14
262.46
263.93
263.80
262.61
261.33
261.56
263.00
260.32
258.79
257.48
256.54
257.62
253.31
253.85
256.78
258.71
255.34
251.35
252.57
253.02
250.83
253.51
253.76
254.63
253.42
262.16
266.69
265.33
266.45
267.05
265.17
271.52
270.20
271.26
271.43
274.30
274.45
269.77
270.68
268.94
271.67
275.66
274.82
273.78
269.06
272.31
270.98
273.50
271.78
275.81
272.02
271.78
270.02
270.55
267.85
269.32
270.26
272.05
270.51
268.47
270.00
266.66
263.50
264.68
265.19
262.50
266.02
272.02
272.21
272.06
272.98
271.93
271.15
269.98
266.49
261.90
262.75
262.55
258.69
260.56
260.77
261.03
260.24
256.98
257.09
261.13
259.18
259.68
262.33
262.51
261.52
258.35
264.48
265.59
265.87
265.88
266.84
266.47
267.43
269.31
268.13
270.65
268.82
269.73
270.16
269.18
269.76
268.88
268.26
269.08
272.59
271.91
271.38
270.62
271.86
272.39
278.07
278.24
277.93
273.98
275.22
275.50
276.41
279.38
276.97
282.88
283.66
282.28
282.38
281.38
277.28
278.53
278.97
279.06
279.06
279.20
276.31
273.93
275.15
273.33
273.69
267.92
267.72
268.34
263.82
264.60
266.47
266.22
267.21
269.00
267.23
268.64
270.91
273.70
272.49
271.81
274.93
277.59
278.13
276.57
277.03
276.52
276.31
275.31
274.28
276.29
278.91
277.47
277.38
276.87
277.87
276.83
277.08
279.40
277.72
275.31
279.43
280.01
280.67
280.98
280.38
282.01
283.17
283.87
284.14
283.55
286.53
286.90
286.63
284.50
288.49
289.14
291.69
293.82
294.99
297.47
297.09
296.84
296.97
296.04
299.63
298.65
296.06
292.02
292.54
291.81
294.24
294.81
296.76
295.98
290.91
292.05
287.13
287.82
288.86
287.11
289.95
291.18
294.81
293.87
294.08
293.93
292.88
295.32
295.14
296.67
299.44
292.69
289.92
291.33
290.49
288.98
290.57
291.59
292.35
292.52
294.87
296.39
295.31
296.24
295.29
297.16
297.11
298.49
298.99
296.40
301.36
301.72
306.02
307.15
306.19
309.61
308.69
306.75
306.93
309.58
309.64
309.12
308.12
308.16
307.77
307.61
306.00
305.19
305.80
306.95
313.84
316.16
315.28
317.48
317.97
321.24
321.98
318.32
319.14
319.17
321.59
319.05
320.52
321.97
325.52
322.03
324.24
326.95
326.75
326.69
326.24
323.91
323.83
320.08
321.35
321.89
321.25
320.48
322.32
328.00
326.60
328.44
325.81
319.68
317.98
319.23
320.64
321.55
324.91
327.07
328.78
329.81
329.95
331.84
332.44
331.35
335.73
333.51
335.90
333.67
333.88
338.05
341.99
342.15
346.08
343.75
344.34
344.74
343.92
349.41
349.35
346.94
348.25
344.74
343.06
344.71
345.66
344.45
346.03
340.67
341.19
344.70
351.52
350.52
352.09
349.84
350.65
351.45
353.73
352.56
349.24
348.35
348.76
347.66
348.70
345.46
343.16
345.06
346.73
346.55
346.47
345.70
347.05
344.23
344.33
345.10
348.60
349.15
350.87
354.71
356.94
356.97
358.78
359.80
359.13
356.99
355.39
333.62
342.85
341.16
341.16
347.13
347.16
344.83
343.70
342.50
337.93
335.06
335.07
340.36
341.20
338.48
337.62
332.61
334.81
338.15
336.57
339.10
339.55
337.99
340.54
340.58
341.61
339.35
339.59
341.91
343.97
345.61
345.77
343.60
345.99
350.63
351.41
349.58
348.55
347.59
348.69
348.56
351.73
352.75
350.93
350.06
343.69
342.46
342.84
344.78
347.42
346.81
348.81
350.67
353.40
359.69
358.76
355.67
352.20
353.79
349.62
347.31
348.53
339.93
337.00
340.75
337.40
338.19
339.15
330.38
331.61
330.26
326.08
325.80
325.20
322.98
329.08
328.79
330.92
331.85
329.66
333.75
332.96
333.62
330.08
331.02
332.01
334.89
332.72
327.99
327.67
325.70
324.15
328.67
330.26
331.89
332.74
335.54
333.74
337.93
336.95
340.27
337.93
338.67
336.00
336.87
338.07
341.91
343.53
341.57
339.74
335.69
337.22
337.63
341.50
342.00
340.79
339.94
338.70
343.64
341.09
340.73
340.08
341.37
342.07
341.92
344.34
344.74
344.68
340.72
338.09
335.12
331.05
330.36
332.03
332.92
329.11
330.80
332.25
334.48
335.57
338.39
340.53
342.01
342.86
343.82
352.00
354.75
354.28
354.00
354.47
354.64
358.00
358.43
359.29
358.41
354.58
360.65
360.86
361.23
363.16
367.40
366.64
364.96
363.15
358.71
361.63
366.25
364.90
362.90
362.91
356.88
358.47
359.10
360.47
355.43
352.31
352.06
355.14
357.63
358.02
359.54
360.16
355.68
358.42
359.52
356.49
361.23
365.44
367.31
368.95
367.52
364.22
365.32
361.61
355.31
355.79
357.09
355.91
353.44
355.55
356.15
355.52
351.48
344.86
334.43
334.83
338.35
339.94
335.52
338.84
339.39
340.06
332.39
327.83
328.51
321.86
316.55
307.06
311.51
321.44
321.34
324.19
318.71
322.56
323.09
324.39
320.46
323.40
321.63
321.04
322.54
318.65
316.83
317.77
318.60
316.60
311.48
311.32
304.59
308.26
305.06
300.97
306.05
314.94
315.21
311.40
312.69
311.50
313.48
305.10
300.39
295.46
300.03
303.23
298.92
298.76
305.74
312.48
314.76
312.36
312.60
310.17
304.71
301.88
304.06
304.00
307.02
311.85
314.59
311.62
306.01
307.61
313.74
319.48
317.67
320.40
317.02
317.12
319.34
315.31
316.03
315.10
316.51
318.10
317.95
316.42
322.22
324.10
326.35
329.92
329.07
327.75
328.89
326.44
330.19
329.34
326.82
326.02
330.05
330.20
330.12
331.75
329.90
330.85
328.29
328.72
330.22
326.45
321.91
321.00
315.44
314.90
311.49
314.53
315.23
312.49
313.73
316.17
327.97
332.23
331.06
328.31
330.21
334.78
336.07
336.03
335.84
340.91
343.93
343.05
348.34
351.26
358.07
356.52
359.35
368.58
365.50
369.02
364.22
369.06
369.39
365.14
364.97
365.65
367.26
362.81
367.74
367.07
370.47
369.33
376.72
376.17
375.91
374.95
372.96
370.03
374.57
373.50
373.59
372.11
366.59
367.92
366.58
367.48
369.83
376.30
375.35
375.22
371.30
379.50
378.94
379.77
375.36
378.66
373.56
373.15
377.63
380.40
381.19
387.62
390.45
388.46
384.20
380.95
381.76
382.76
379.25
379.02
373.66
375.35
380.29
380.52
380.80
380.08
377.32
378.51
383.25
375.74
376.76
371.62
368.57
372.19
372.39
372.28
375.35
376.19
374.97
377.49
381.94
382.79
386.96
389.83
388.06
387.74
385.09
383.63
379.43
378.57
381.05
376.65
377.63
382.29
380.13
378.59
375.09
375.42
377.75
370.94
370.65
371.59
374.40
371.16
377.92
377.47
373.33
374.08
377.94
376.11
375.74
376.97
380.25
382.39
381.54
381.18
385.37
384.22
382.88
379.42
378.64
380.96
380.93
383.15
386.69
387.81
387.12
387.18
385.06
390.62
390.56
389.32
387.12
388.02
389.62
389.90
389.33
385.58
376.47
379.43
390.59
391.33
394.17
393.85
393.06
396.64
396.47
395.43
392.15
389.97
389.14
389.10
388.57
384.56
385.09
387.34
383.59
385.78
385.50
386.94
387.56
387.92
385.92
387.71
386.88
386.49
385.90
387.86
389.20
388.26
384.47
381.24
379.50
380.67
376.80
380.55
381.45
386.47
391.01
392.80
391.92
392.50
390.02
387.83
387.94
385.07
384.20
389.52
391.48
392.96
392.46
391.32
390.28
388.71
389.97
393.72
392.89
393.12
396.74
397.41
397.15
382.62
385.24
379.42
378.53
380.06
376.14
375.34
377.96
376.55
375.22
381.40
380.96
380.07
377.39
379.10
378.26
377.90
377.70
381.55
384.47
384.46
382.76
383.48
382.52
387.04
396.82
399.33
404.84
406.46
415.14
417.09
417.26
419.34
417.96
417.40
418.10
417.61
415.10
414.34
420.44
420.77
418.21
418.86
416.36
412.64
418.13
414.96
415.48
414.99
414.96
410.34
411.63
408.79
409.53
413.85
413.84
413.82
411.09
413.77
413.76
417.13
413.69
412.48
407.38
408.26
413.90
411.46
412.27
410.45
415.35
413.86
412.70
412.45
412.85
409.33
406.51
404.44
405.21
406.89
404.03
403.89
405.84
406.39
409.58
409.15
409.80
411.30
409.91
408.88
407.52
407.86
403.50
403.00
403.69
404.23
400.50
401.55
405.59
398.06
394.50
400.64
404.29
406.08
412.39
416.28
416.05
410.16
410.26
409.81
411.60
409.02
408.45
409.11
412.02
414.95
412.53
416.91
416.84
416.79
415.85
416.05
418.49
416.29
416.45
413.14
410.09
412.81
416.37
415.39
412.60
414.02
411.41
412.17
416.74
415.35
417.30
413.50
414.59
413.26
413.48
413.36
410.06
407.25
409.05
409.76
410.29
408.32
402.26
400.96
403.67
403.40
404.04
403.83
403.12
403.45
408.94
408.14
412.88
411.77
413.84
409.16
410.28
414.22
414.62
414.87
417.68
417.10
417.54
415.62
413.75
413.76
410.93
412.08
411.60
411.54
417.52
422.23
423.92
424.21
425.09
424.36
422.19
420.59
418.88
419.42
418.90
417.78
417.73
419.91
420.74
421.34
418.18
418.26
414.85
410.72
411.61
413.51
413.53
414.84
414.03
416.07
417.98
417.98
417.08
414.44
416.36
419.95
419.58
425.27
419.77
419.92
419.93
422.93
422.14
417.14
417.44
418.47
414.35
416.62
416.80
417.80
416.29
410.47
407.57
407.18
404.25
407.75
402.66
407.44
409.30
409.37
409.60
411.73
414.98
415.48
415.67
414.90
414.10
418.16
418.49
420.13
420.86
418.68
422.75
419.92
417.11
418.34
417.58
418.59
418.62
422.20
422.87
422.43
420.68
419.27
422.85
423.61
426.65
425.12
427.59
429.19
430.16
431.35
430.78
429.89
429.91
432.06
435.31
436.99
435.65
434.64
433.73
432.84
432.57
431.52
435.43
441.28
440.70
440.31
439.03
439.77
439.15
437.98
438.82
435.71
435.38
434.34
434.52
430.73
429.05
430.95
431.04
433.03
435.94
437.15
436.84
435.13
433.37
435.49
436.11
440.01
439.95
438.11
438.66
438.78
442.52
442.56
447.20
449.56
448.93
447.85
445.33
446.23
447.66
444.58
433.91
433.30
431.90
434.22
435.24
434.80
440.87
442.34
443.38
442.01
447.90
449.26
447.34
446.11
454.71
454.40
456.33
453.72
449.83
451.43
451.37
448.31
451.89
450.18
448.88
448.76
448.07
450.88
447.78
450.77
451.97
451.67
450.30
441.37
442.29
441.16
442.73
441.84
448.37
449.22
448.66
448.40
448.94
447.46
445.10
443.63
439.46
437.03
435.54
438.01
438.02
438.99
440.19
442.46
444.05
444.52
443.26
442.31
442.80
444.36
444.80
439.23
439.56
440.37
440.32
447.57
440.59
445.84
448.00
448.85
453.44
452.41
450.19
453.83
453.85
452.49
450.06
447.69
444.71
445.78
445.38
447.26
447.71
446.27
447.43
448.54
443.68
446.22
445.93
443.19
446.62
447.60
451.85
450.69
450.53
449.02
445.84
441.43
442.83
448.62
448.13
448.98
448.09
450.08
449.22
445.75
446.03
447.31
447.18
444.51
447.10
449.09
448.24
447.19
450.24
448.13
450.15
449.27
448.54
448.13
448.68
450.72
449.45
450.46
448.96
450.14
452.38
453.13
456.04
456.43
456.16
455.23
459.77
460.13
461.04
460.54
461.90
463.56
463.15
461.30
461.34
458.52
456.65
457.50
461.72
462.06
459.90
461.60
459.43
458.83
455.05
452.95
456.20
457.74
457.63
461.80
461.53
460.11
458.93
461.29
461.34
461.20
460.74
459.18
460.31
460.88
461.12
461.49
466.83
469.50
468.45
466.21
466.07
465.36
463.27
464.20
464.30
464.61
467.73
467.83
469.10
468.44
463.02
457.49
459.57
460.21
460.33
463.72
462.64
465.39
463.75
466.74
464.81
463.62
462.60
459.13
461.03
462.36
463.06
461.90
461.79
461.89
463.11
464.89
466.43
466.76
466.29
464.18
463.93
465.70
463.06
461.84
463.34
466.38
465.85
465.30
467.32
467.38
470.54
470.94
470.58
468.64
466.45
465.44
466.89
467.55
467.12
469.90
475.27
474.13
474.17
472.47
474.91
473.30
474.25
474.30
474.98
474.72
471.97
470.92
473.20
477.05
478.70
481.61
479.62
482.00
480.71
469.81
471.76
471.06
472.77
468.93
470.18
470.23
472.52
472.79
470.34
467.69
471.46
470.69
464.26
466.07
467.14
464.44
464.81
463.01
464.74
466.91
465.88
467.06
463.90
466.44
467.39
467.01
469.42
470.90
471.06
468.54
468.80
468.54
464.35
460.58
460.00
452.48
445.55
445.77
438.92
448.29
448.05
450.88
447.10
449.87
447.57
446.26
446.38
446.18
442.46
442.54
441.96
448.73
447.63
452.71
451.87
449.10
450.91
453.02
453.03
451.72
451.38
447.82
442.32
446.01
441.49
443.75
444.14
444.49
449.37
453.69
456.48
454.92
453.20
454.81
456.34
457.06
457.33
456.51
457.63
457.65
460.13
458.88
458.21
457.06
457.86
458.67
459.10
462.37
460.61
461.93
458.45
455.41
451.34
453.09
449.63
442.80
447.31
446.07
447.63
444.27
446.20
446.37
446.13
448.38
449.55
448.06
447.95
448.73
453.41
454.16
455.22
453.86
451.60
452.61
453.11
454.25
453.36
452.57
454.24
458.25
461.01
460.56
461.46
458.40
457.09
457.89
457.92
460.30
458.88
461.95
461.23
465.01
465.17
463.17
463.68
462.31
464.51
469.03
468.08
473.80
474.59
476.09
475.50
473.17
470.99
471.86
470.99
473.14
468.18
466.21
467.52
468.80
474.81
471.19
470.85
463.36
461.46
461.27
459.67
460.82
462.05
464.81
462.23
462.71
461.74
454.59
453.52
452.36
455.10
459.04
465.79
465.47
467.79
469.10
468.96
467.66
470.28
466.85
464.89
460.83
461.52
462.61
465.85
473.77
472.35
468.42
466.51
467.91
462.28
463.06
465.65
465.42
464.35
462.35
466.04
465.03
465.62
463.57
461.47
458.29
450.08
449.93
452.29
454.16
455.17
453.69
448.92
453.30
453.33
453.11
451.23
445.45
446.97
449.47
450.15
454.97
455.35
458.80
457.91
457.10
459.61
459.68
459.83
462.47
460.86
461.17
459.27
459.11
460.71
460.34
460.68
460.83
461.68
461.67
461.64
465.97
469.38
470.05
469.71
466.95
464.78
465.82
465.86
467.44
468.32
470.39
468.51
470.42
470.40
472.79
478.65
481.14
480.81
481.19
480.19
481.46
481.65
482.55
484.54
485.22
481.97
482.72
485.07
486.91
488.26
483.96
487.39
485.65
485.13
485.42
485.63
482.12
483.14
483.16
489.57
490.05
492.89
491.88
495.41
495.52
496.14
495.07
495.67
495.95
500.97
503.20
503.90
503.12
502.22
500.71
501.85
505.24
505.57
506.08
506.42
507.01
505.53
507.17
509.23
506.13
505.37
504.92
505.29
508.49
512.89
512.10
512.66
513.55
514.71
514.26
514.86
520.48
520.54
520.12
523.96
523.56
524.36
524.37
525.55
527.74
528.19
527.07
519.58
519.19
523.65
528.59
528.61
528.59
523.65
523.58
533.40
533.49
532.51
535.60
535.55
533.13
532.35
527.94
530.88
536.05
536.47
537.12
539.83
545.22
544.98
543.98
551.07
549.71
544.13
542.43
544.73
543.87
544.75
547.09
547.26
553.99
556.37
557.19
554.78
560.89
561.00
559.89
562.72
558.46
550.98
553.54
553.62
556.63
561.10
561.61
565.22
562.93
562.06
559.64
558.80
558.75
558.94
560.03
560.39
559.71
557.45
555.11
559.74
558.57
559.97
559.04
559.21
558.11
559.52
557.14
557.46
560.10
559.05
560.00
560.92
561.88
563.84
569.17
570.17
570.29
572.68
573.91
576.51
578.77
583.61
583.35
582.77
584.20
586.77
583.00
581.73
581.81
581.41
581.04
585.87
584.41
581.72
582.34
581.47
582.63
582.49
578.37
577.52
579.46
583.10
584.50
583.03
586.78
587.44
590.65
587.46
585.06
586.56
582.47
576.72
579.70
583.25
581.50
584.22
589.72
590.57
588.46
586.32
591.71
593.26
592.72
592.30
589.29
593.96
597.34
600.07
596.85
600.24
598.40
599.97
601.32
606.45
607.64
605.37
606.98
613.68
617.68
620.18
616.17
617.48
619.52
618.78
621.69
616.92
616.34
606.81
611.93
605.94
610.49
611.95
614.30
614.53
614.12
615.93
